0 1.50015
0.01 1.01225
0.02 0.920434
0.03 0.826873
0.04 0.940635
0.05 0.844416
0.06 0.853789
0.07 0.538793
0.08 0.543419
0.09 0.877193
0.1 1.21897
0.11 1.00773
0.12 0.90467
0.13 0.685714
0.14 1.03902
0.15 1.2861
0.16 1.65446
0.17 0.239177
0.18 0.604157
0.19 1.10038
0.2 1.23686
0.21 1.74956
0.22 1.00946
0.23 1.14737
0.24 1.16159
0.25 0.651296
0.26 1.31614
0.27 1.33032
0.28 1.34318
0.29 1.08696
0.3 1.51057
0.31 1.66436
0.32 1.12249
0.33 0.710631
0.34 0.719942
0.35 0.728438
0.36 1.32528
0.37 0.894055
0.38 0.601685
0.39 1.21396
0.4 1.22699
0.41 1.24146
0.42 0.156814
0.43 0.316556
0.44 0.8
0.45 1.13177
0.46 1.79592
0.47 1.48295
0.48 0.667445
0.49 0.168634
0.5 1.70532
0.51 0.689893
0.52 1.38937
0.53 0.87858
0.54 0.888731
0.55 0.358616
0.56 1.44875
0.57 0.732467
0.58 1.29318
0.59 0.560852
0.6 0.944644
0.61 0.95511
0.62 0.193087
0.63 1.56403
0.64 0.592768
0.65 1.39498
0.66 1.20943
0.67 1.42537
0.68 0.617411
0.69 0.415369
0.7 0.837696
0.71 1.05686
0.72 1.49669
0.73 0.863931
0.74 1.08956
0.75 0.660357
0.76 0.885544
0.77 0.446927
0.78 1.57907
0.79 1.13869
0.8 0.918274
0.81 0.926355
0.82 0.70028
0.83 2.11964
0.84 1.19076
0.85 1.92771
0.86 0.97371
0.87 0.983768
0.88 0.497265
0.89 0.250878
0.9 0.759494
0.91 0.764331
0.92 1.03173
0.93 0.781047
0.94 1.31027
0.95 1.31926
0.96 1.33726
0.97 0.812128
0.98 1.63711
0.99 1.10345
1 0.556638
1.01 1.12486
1.02 1.13507
1.03 0
1.04 0.868558
1.05 1.46156
1.06 1.18413
1.07 0.896325
1.08 0.302115
1.09 0.611247
1.1 0.616713
1.11 0.312989
1.12 0.631313
1.13 0.318878
1.14 0.644122
1.15 0.652529
1.16 0.657678
1.17 1.332
1.18 0
1.19 0.681199
1.2 1.37694
1.21 0.695652
1.22 0.701016
1.23 1.76991
1.24 0.358938
1.25 1.44823
1.26 1.46574
1.27 0.738825
1.28 0.747105
1.29 1.88466
1.3 0.761615
1.31 1.92753
1.32 0.390016
1.33 0.393391
1.34 1.19237
1.35 1.20773
1.36 0.406835
1.37 1.23052
1.38 0.8285
1.39 0.83612
1.4 2.52738
1.41 1.28096
1.42 0.430293
1.43 0.866927
1.44 0.874891
1.45 0.886525
1.46 0.893256
1.47 0.903342
1.48 1.36799
1.49 0.463177
1.5 1.40187
1.51 0.944733
1.52 0.95511
1.53 1.44788
1.54 0.976086
1.55 1.97726
1.56 1.0005
1.57 1.51134
1.58 0
1.59 0.508647
1.6 0
1.61 0.515996
1.62 0.519751
1.63 0.526316
1.64 1.06101
1.65 0
1.66 1.62866
1.67 0.54615
1.68 0.550964
1.69 1.66482
1.7 1.12549
1.71 0.568182
1.72 0.574713
1.73 0.581058
1.74 0
1.75 1.18413
1.76 0
1.77 0
1.78 0.608643
1.79 0
1.8 0
1.81 0.630517
1.82 0.639386
1.83 0
1.84 1.95185
1.85 0.65703
1.86 0
1.87 0.669344
1.88 1.35135
1.89 0.68306
1.9 0
1.91 2.79525
1.92 0
1.93 0
1.94 0
1.95 0
1.96 0
1.97 1.48368
1.98 1.49925
1.99 2.27445
2 0.763359
2.01 0.768049
2.02 1.55521
2.03 0.785546
2.04 0.796813
2.05 1.6116
2.06 0.816327
2.07 0
2.08 1.67504
2.09 0.84317
2.1 1.70213
2.11 0.862069
2.12 4.3554
2.13 2.64085
2.14 1.78571
2.15 0.899281
2.16 0.910747
2.17 0
2.18 0.931099
2.19 0
2.2 2.85714
2.21 0.962464
2.22 0.97371
2.23 0.988142
2.24 2.99103
2.25 0
2.26 1.0142
2.27 2.04918
2.28 0
2.29 0
2.3 4.18848
2.31 2.12089
2.32 0
2.33 2.15983
2.34 1.09051
2.35 2.20751
2.36 0
2.37 2.25734
2.38 0
2.39 2.30415
2.4 1.17096
2.41 0
2.42 0
2.43 0
2.44 0
2.45 0
2.46 0
2.47 0
2.48 0
2.49 1.26422
2.5 3.83632
2.51 0
2.52 0
2.53 1.30548
2.54 1.321
2.55 1.33156
2.56 1.34228
2.57 0
2.58 1.36612
2.59 0
2.6 0
2.61 0
2.62 0
2.63 1.44928
2.64 1.45985
2.65 0
2.66 1.48588
2.67 0
2.68 0
2.69 1.52439
2.7 1.52905
2.71 1.53846
2.72 3.10559
2.73 3.1348
2.74 1.5873
2.75 0
2.76 0
2.77 3.28407
2.78 1.67224
2.79 3.37838
2.8 0
2.81 0
2.82 1.73913
2.83 0
2.84 0
2.85 0
2.86 0
2.87 0
2.88 1.84843
2.89 0
2.9 0
2.91 0
2.92 0
2.93 1.95313
2.94 0
2.95 0
2.96 0
2.97 2.01207
2.98 0
2.99 2.04082
3 2.06612
