0 0.9999
0.01 0.9879
0.02 0.9778
0.03 0.9675
0.04 0.9568
0.05 0.9474
0.06 0.937
0.07 0.928
0.08 0.9201
0.09 0.912
0.1 0.9024
0.11 0.8931
0.12 0.8843
0.13 0.875
0.14 0.8662
0.15 0.8553
0.16 0.8462
0.17 0.8362
0.18 0.8276
0.19 0.8179
0.2 0.8085
0.21 0.8002
0.22 0.7925
0.23 0.7844
0.24 0.7748
0.25 0.7677
0.26 0.7598
0.27 0.7517
0.28 0.7445
0.29 0.736
0.3 0.7282
0.31 0.721
0.32 0.7127
0.33 0.7036
0.34 0.6945
0.35 0.6864
0.36 0.6791
0.37 0.6711
0.38 0.6648
0.39 0.659
0.4 0.652
0.41 0.6444
0.42 0.6377
0.43 0.6318
0.44 0.625
0.45 0.6185
0.46 0.6125
0.47 0.6069
0.48 0.5993
0.49 0.593
0.5 0.5864
0.51 0.5798
0.52 0.5758
0.53 0.5691
0.54 0.5626
0.55 0.5577
0.56 0.5522
0.57 0.5461
0.58 0.5413
0.59 0.5349
0.6 0.5293
0.61 0.5235
0.62 0.5179
0.63 0.5115
0.64 0.5061
0.65 0.5018
0.66 0.4961
0.67 0.4911
0.68 0.4859
0.69 0.4815
0.7 0.4775
0.71 0.4731
0.72 0.4677
0.73 0.463
0.74 0.4589
0.75 0.4543
0.76 0.4517
0.77 0.4475
0.78 0.4433
0.79 0.4391
0.8 0.4356
0.81 0.4318
0.82 0.4284
0.83 0.4246
0.84 0.4199
0.85 0.415
0.86 0.4108
0.87 0.4066
0.88 0.4022
0.89 0.3986
0.9 0.395
0.91 0.3925
0.92 0.3877
0.93 0.3841
0.94 0.3816
0.95 0.379
0.96 0.3739
0.97 0.3694
0.98 0.3665
0.99 0.3625
1 0.3593
1.01 0.3556
1.02 0.3524
1.03 0.3489
1.04 0.3454
1.05 0.3421
1.06 0.3378
1.07 0.3347
1.08 0.331
1.09 0.3272
1.1 0.3243
1.11 0.3195
1.12 0.3168
1.13 0.3136
1.14 0.3105
1.15 0.3065
1.16 0.3041
1.17 0.3003
1.18 0.2961
1.19 0.2936
1.2 0.2905
1.21 0.2875
1.22 0.2853
1.23 0.2825
1.24 0.2786
1.25 0.2762
1.26 0.2729
1.27 0.2707
1.28 0.2677
1.29 0.2653
1.3 0.2626
1.31 0.2594
1.32 0.2564
1.33 0.2542
1.34 0.2516
1.35 0.2484
1.36 0.2458
1.37 0.2438
1.38 0.2414
1.39 0.2392
1.4 0.2374
1.41 0.2342
1.42 0.2324
1.43 0.2307
1.44 0.2286
1.45 0.2256
1.46 0.2239
1.47 0.2214
1.48 0.2193
1.49 0.2159
1.5 0.214
1.51 0.2117
1.52 0.2094
1.53 0.2072
1.54 0.2049
1.55 0.2023
1.56 0.1999
1.57 0.1985
1.58 0.1972
1.59 0.1966
1.6 0.1956
1.61 0.1938
1.62 0.1924
1.63 0.19
1.64 0.1885
1.65 0.1867
1.66 0.1842
1.67 0.1831
1.68 0.1815
1.69 0.1802
1.7 0.1777
1.71 0.176
1.72 0.174
1.73 0.1721
1.74 0.1704
1.75 0.1689
1.76 0.1676
1.77 0.1662
1.78 0.1643
1.79 0.1626
1.8 0.1608
1.81 0.1586
1.82 0.1564
1.83 0.1549
1.84 0.1537
1.85 0.1522
1.86 0.1507
1.87 0.1494
1.88 0.148
1.89 0.1464
1.9 0.1445
1.91 0.1431
1.92 0.1412
1.93 0.1393
1.94 0.138
1.95 0.1376
1.96 0.1362
1.97 0.1348
1.98 0.1334
1.99 0.1319
2 0.131
2.01 0.1302
2.02 0.1286
2.03 0.1273
2.04 0.1255
2.05 0.1241
2.06 0.1225
2.07 0.1207
2.08 0.1194
2.09 0.1186
2.1 0.1175
2.11 0.116
2.12 0.1148
2.13 0.1136
2.14 0.112
2.15 0.1112
2.16 0.1098
2.17 0.1082
2.18 0.1074
2.19 0.1058
2.2 0.105
2.21 0.1039
2.22 0.1027
2.23 0.1012
2.24 0.1003
2.25 0.0991
2.26 0.0986
2.27 0.0976
2.28 0.097
2.29 0.0961
2.3 0.0955
2.31 0.0943
2.32 0.0932
2.33 0.0926
2.34 0.0917
2.35 0.0906
2.36 0.0894
2.37 0.0886
2.38 0.0876
2.39 0.0868
2.4 0.0854
2.41 0.0842
2.42 0.0835
2.43 0.0825
2.44 0.0817
2.45 0.0809
2.46 0.0804
2.47 0.0796
2.48 0.0793
2.49 0.0791
2.5 0.0782
2.51 0.077
2.52 0.0766
2.53 0.0766
2.54 0.0757
2.55 0.0751
2.56 0.0745
2.57 0.0739
2.58 0.0732
2.59 0.072
2.6 0.0712
2.61 0.0702
2.62 0.0697
2.63 0.069
2.64 0.0685
2.65 0.0678
2.66 0.0673
2.67 0.0665
2.68 0.0658
2.69 0.0656
2.7 0.0654
2.71 0.065
2.72 0.0644
2.73 0.0638
2.74 0.063
2.75 0.0624
2.76 0.0616
2.77 0.0609
2.78 0.0598
2.79 0.0592
2.8 0.0586
2.81 0.0578
2.82 0.0575
2.83 0.0568
2.84 0.0562
2.85 0.0556
2.86 0.0553
2.87 0.0545
2.88 0.0541
2.89 0.0534
2.9 0.0531
2.91 0.0525
2.92 0.0519
2.93 0.0512
2.94 0.051
2.95 0.0506
2.96 0.0501
2.97 0.0497
2.98 0.0493
2.99 0.049
3 0.0484
