0 2.2
0.01 1.53406
0.02 1.24987
0.03 2.55102
0.04 2.38534
0.05 1.77502
0.06 1.80607
0.07 1.61495
0.08 2.12189
0.09 1.08095
0.1 2.44978
0.11 1.50263
0.12 1.53433
0.13 1.69868
0.14 2.39171
0.15 2.98184
0.16 1.80006
0.17 1.97433
0.18 1.86728
0.19 1.32023
0.2 3.44105
0.21 1.6817
0.22 3.11429
0.23 1.74936
0.24 2.27052
0.25 3.14205
0.26 2.69815
0.27 1.72473
0.28 1.22742
0.29 2.49643
0.3 2.18103
0.31 2.41546
0.32 1.33029
0.33 0.77685
0.34 2.96677
0.35 2.22088
0.36 1.03072
0.37 0.42008
0.38 1.71343
0.39 1.31119
0.4 1.11707
0.41 1.59236
0.42 2.78293
0.43 1.89439
0.44 1.69164
0.45 2.46124
0.46 2.01511
0.47 2.82922
0.48 1.57522
0.49 2.13847
0.5 1.64069
0.51 1.67645
0.52 2.28245
0.53 1.74978
0.54 1.78253
0.55 1.8226
0.56 3.10559
0.57 0.631712
0.58 1.6129
0.59 1.97239
0.6 0
0.61 1.36333
0.62 1.04167
0.63 1.77368
0.64 1.0925
0.65 1.11524
0.66 1.14025
0.67 0.775194
0.68 1.18765
0.69 2.83401
0.7 2.05761
0.71 2.51046
0.72 4.68683
0.73 2.18627
0.74 2.23115
0.75 0.907441
0.76 1.38568
0.77 0.93985
0.78 2.8777
0.79 2.93542
0.8 4.98256
0.81 1.02093
0.82 2.07147
0.83 4.21941
0.84 1.61551
0.85 0.549451
0.86 2.23339
0.87 1.7094
0.88 1.7452
0.89 1.18554
0.9 2.40529
0.91 0
0.92 1.86916
0.93 3.84615
0.94 3.28084
0.95 1.33601
0.96 1.36333
0.97 0.693001
0.98 2.10822
0.99 0
1 2.91333
1.01 1.4881
1.02 1.51515
1.03 2.34742
1.04 2.40577
1.05 1.62866
1.06 3.32502
1.07 2.56191
1.08 1.74825
1.09 1.78094
1.1 0.905797
1.11 1.83655
1.12 2.81162
1.13 1.90658
1.14 0.971817
1.15 2.9615
1.16 1.01215
1.17 2.07469
1.18 2.12314
1.19 1.08814
1.2 4.43459
1.21 1.13636
1.22 3.49243
1.23 3.58852
1.24 1.221
1.25 2.49377
1.26 0
1.27 3.89105
1.28 0
1.29 0
1.3 1.39276
1.31 7.03235
1.32 1.44509
1.33 2.95858
1.34 0
1.35 1.53139
1.36 1.56006
1.37 3.21027
1.38 0
1.39 5.05051
1.4 5.18135
1.41 3.55872
1.42 0
1.43 0
1.44 1.90114
1.45 1.91939
1.46 1.94932
1.47 1.9802
1.48 6.09756
1.49 0
1.5 4.20168
1.51 4.28266
1.52 2.18341
1.53 0
1.54 0
1.55 4.60829
1.56 4.69484
1.57 2.40385
1.58 0
1.59 0
1.6 2.58398
1.61 0
1.62 2.68097
1.63 0
1.64 2.75482
1.65 2.8169
1.66 2.86533
1.67 0
1.68 0
1.69 3.02115
1.7 6.21118
1.71 6.41026
1.72 3.25733
1.73 6.60066
1.74 0
1.75 0
1.76 0
1.77 0
1.78 7.35294
1.79 3.78788
1.8 3.89105
1.81 0
1.82 4.11523
1.83 0
1.84 4.25532
1.85 0
1.86 0
1.87 0
1.88 0
1.89 4.69484
1.9 9.61538
1.91 4.9505
1.92 10.1523
1.93 0
1.94 0
1.95 5.52486
1.96 5.64972
1.97 5.91716
1.98 0
1.99 6.0241
2 0
2.01 0
2.02 6.45161
2.03 6.66667
2.04 0
2.05 6.94444
2.06 0
2.07 7.24638
2.08 7.46269
2.09 0
2.1 8
2.11 0
2.12 0
2.13 0
2.14 8.77193
2.15 8.92857
2.16 9.09091
2.17 0
2.18 0
2.19 0
2.2 9.52381
2.21 0
2.22 0
2.23 20.4082
2.24 0
2.25 0
2.26 0
2.27 0
2.28 0
2.29 0
2.3 0
2.31 0
2.32 0
2.33 0
2.34 0
2.35 0
2.36 12.3457
2.37 12.8205
2.38 0
2.39 0
2.4 0
2.41 0
2.42 0
2.43 0
2.44 13.8889
2.45 0
2.46 0
2.47 0
2.48 0
2.49 0
2.5 15.3846
2.51 0
2.52 0
2.53 0
2.54 0
2.55 0
2.56 0
2.57 0
2.58 0
2.59 0
2.6 0
2.61 19.2308
2.62 0
2.63 0
2.64 0
2.65 0
2.66 0
2.67 0
2.68 0
2.69 0
2.7 24.3902
2.71 0
2.72 0
2.73 0
2.74 0
2.75 0
2.76 0
2.77 0
2.78 0
2.79 0
2.8 0
2.81 0
2.82 0
2.83 0
2.84 0
2.85 0
2.86 31.25
2.87 33.3333
2.88 0
2.89 0
2.9 0
2.91 0
2.92 0
2.93 0
2.94 0
2.95 0
2.96 0
2.97 0
2.98 0
2.99 0
3 0
