0 1
0.01 0.980199
0.02 0.960789
0.03 0.941765
0.04 0.923116
0.05 0.904837
0.06 0.88692
0.07 0.869358
0.08 0.852144
0.09 0.83527
0.1 0.818731
0.11 0.802519
0.12 0.786628
0.13 0.771052
0.14 0.755784
0.15 0.740818
0.16 0.726149
0.17 0.71177
0.18 0.697676
0.19 0.683861
0.2 0.67032
0.21 0.657047
0.22 0.644036
0.23 0.631284
0.24 0.618783
0.25 0.606531
0.26 0.594521
0.27 0.582748
0.28 0.571209
0.29 0.559898
0.3 0.548812
0.31 0.537944
0.32 0.527292
0.33 0.516851
0.34 0.506617
0.35 0.496585
0.36 0.486752
0.37 0.477114
0.38 0.467666
0.39 0.458406
0.4 0.449329
0.41 0.440432
0.42 0.431711
0.43 0.423162
0.44 0.414783
0.45 0.40657
0.46 0.398519
0.47 0.390628
0.48 0.382893
0.49 0.375311
0.5 0.367879
0.51 0.360595
0.52 0.353455
0.53 0.346456
0.54 0.339596
0.55 0.332871
0.56 0.32628
0.57 0.319819
0.58 0.313486
0.59 0.307279
0.6 0.301194
0.61 0.29523
0.62 0.289384
0.63 0.283654
0.64 0.278037
0.65 0.272532
0.66 0.267135
0.67 0.261846
0.68 0.256661
0.69 0.251579
0.7 0.246597
0.71 0.241714
0.72 0.236928
0.73 0.232236
0.74 0.227638
0.75 0.22313
0.76 0.218712
0.77 0.214381
0.78 0.210136
0.79 0.205975
0.8 0.201897
0.81 0.197899
0.82 0.19398
0.83 0.190139
0.84 0.186374
0.85 0.182684
0.86 0.179066
0.87 0.17552
0.88 0.172045
0.89 0.168638
0.9 0.165299
0.91 0.162026
0.92 0.158817
0.93 0.155673
0.94 0.15259
0.95 0.149569
0.96 0.146607
0.97 0.143704
0.98 0.140858
0.99 0.138069
1 0.135335
1.01 0.132655
1.02 0.130029
1.03 0.127454
1.04 0.12493
1.05 0.122456
1.06 0.120032
1.07 0.117655
1.08 0.115325
1.09 0.113042
1.1 0.110803
1.11 0.108609
1.12 0.106459
1.13 0.10435
1.14 0.102284
1.15 0.100259
1.16 0.0982736
1.17 0.0963276
1.18 0.0944202
1.19 0.0925506
1.2 0.090718
1.21 0.0889216
1.22 0.0871609
1.23 0.085435
1.24 0.0837432
1.25 0.082085
1.26 0.0804596
1.27 0.0788664
1.28 0.0773047
1.29 0.075774
1.3 0.0742736
1.31 0.0728029
1.32 0.0713613
1.33 0.0699482
1.34 0.0685632
1.35 0.0672055
1.36 0.0658748
1.37 0.0645703
1.38 0.0632918
1.39 0.0620385
1.4 0.0608101
1.41 0.0596059
1.42 0.0584257
1.43 0.0572688
1.44 0.0561348
1.45 0.0550232
1.46 0.0539337
1.47 0.0528657
1.48 0.0518189
1.49 0.0507928
1.5 0.0497871
1.51 0.0488012
1.52 0.0478349
1.53 0.0468877
1.54 0.0459593
1.55 0.0450492
1.56 0.0441572
1.57 0.0432828
1.58 0.0424257
1.59 0.0415857
1.6 0.0407622
1.61 0.0399551
1.62 0.0391639
1.63 0.0383884
1.64 0.0376283
1.65 0.0368832
1.66 0.0361528
1.67 0.035437
1.68 0.0347353
1.69 0.0340475
1.7 0.0333733
1.71 0.0327124
1.72 0.0320647
1.73 0.0314298
1.74 0.0308074
1.75 0.0301974
1.76 0.0295994
1.77 0.0290133
1.78 0.0284388
1.79 0.0278757
1.8 0.0273237
1.81 0.0267827
1.82 0.0262523
1.83 0.0257325
1.84 0.025223
1.85 0.0247235
1.86 0.024234
1.87 0.0237541
1.88 0.0232837
1.89 0.0228227
1.9 0.0223708
1.91 0.0219278
1.92 0.0214936
1.93 0.021068
1.94 0.0206508
1.95 0.0202419
1.96 0.0198411
1.97 0.0194482
1.98 0.0190631
1.99 0.0186856
2 0.0183156
2.01 0.017953
2.02 0.0175975
2.03 0.017249
2.04 0.0169075
2.05 0.0165727
2.06 0.0162445
2.07 0.0159229
2.08 0.0156076
2.09 0.0152985
2.1 0.0149956
2.11 0.0146986
2.12 0.0144076
2.13 0.0141223
2.14 0.0138427
2.15 0.0135686
2.16 0.0132999
2.17 0.0130365
2.18 0.0127784
2.19 0.0125254
2.2 0.0122773
2.21 0.0120342
2.22 0.0117959
2.23 0.0115624
2.24 0.0113334
2.25 0.011109
2.26 0.010889
2.27 0.0106734
2.28 0.0104621
2.29 0.0102549
2.3 0.0100518
2.31 0.0098528
2.32 0.0096577
2.33 0.00946646
2.34 0.00927901
2.35 0.00909528
2.36 0.00891518
2.37 0.00873865
2.38 0.00856561
2.39 0.008396
2.4 0.00822975
2.41 0.00806679
2.42 0.00790705
2.43 0.00775048
2.44 0.00759701
2.45 0.00744658
2.46 0.00729913
2.47 0.0071546
2.48 0.00701293
2.49 0.00687406
2.5 0.00673795
2.51 0.00660453
2.52 0.00647375
2.53 0.00634556
2.54 0.00621991
2.55 0.00609675
2.56 0.00597602
2.57 0.00585769
2.58 0.0057417
2.59 0.00562801
2.6 0.00551656
2.61 0.00540733
2.62 0.00530026
2.63 0.0051953
2.64 0.00509243
2.65 0.00499159
2.66 0.00489275
2.67 0.00479587
2.68 0.00470091
2.69 0.00460782
2.7 0.00451658
2.71 0.00442715
2.72 0.00433948
2.73 0.00425356
2.74 0.00416933
2.75 0.00408677
2.76 0.00400585
2.77 0.00392653
2.78 0.00384878
2.79 0.00377257
2.8 0.00369786
2.81 0.00362464
2.82 0.00355287
2.83 0.00348252
2.84 0.00341356
2.85 0.00334597
2.86 0.00327971
2.87 0.00321477
2.88 0.00315111
2.89 0.00308872
2.9 0.00302755
2.91 0.00296761
2.92 0.00290884
2.93 0.00285124
2.94 0.00279479
2.95 0.00273944
2.96 0.0026852
2.97 0.00263203
2.98 0.00257991
2.99 0.00252883
3 0.00247875
