0 1
0.01 0.9778
0.02 0.9601
0.03 0.9408
0.04 0.9223
0.05 0.9014
0.06 0.8859
0.07 0.8669
0.08 0.8483
0.09 0.8326
0.1 0.8164
0.11 0.7986
0.12 0.7821
0.13 0.7653
0.14 0.7526
0.15 0.7378
0.16 0.7222
0.17 0.7091
0.18 0.6962
0.19 0.6817
0.2 0.6684
0.21 0.6541
0.22 0.6422
0.23 0.6288
0.24 0.6166
0.25 0.6047
0.26 0.593
0.27 0.5798
0.28 0.5703
0.29 0.5608
0.3 0.5502
0.31 0.5382
0.32 0.5262
0.33 0.5149
0.34 0.5056
0.35 0.4953
0.36 0.4851
0.37 0.4761
0.38 0.4669
0.39 0.4576
0.4 0.4476
0.41 0.4396
0.42 0.4312
0.43 0.4223
0.44 0.4138
0.45 0.4063
0.46 0.397
0.47 0.3888
0.48 0.3809
0.49 0.3741
0.5 0.3657
0.51 0.3579
0.52 0.3505
0.53 0.3429
0.54 0.3366
0.55 0.3292
0.56 0.322
0.57 0.3166
0.58 0.31
0.59 0.3042
0.6 0.2993
0.61 0.2934
0.62 0.288
0.63 0.2819
0.64 0.2746
0.65 0.269
0.66 0.2631
0.67 0.258
0.68 0.2526
0.69 0.247
0.7 0.243
0.71 0.239
0.72 0.2347
0.73 0.2287
0.74 0.2241
0.75 0.2204
0.76 0.2165
0.77 0.2128
0.78 0.2085
0.79 0.2044
0.8 0.2007
0.81 0.1959
0.82 0.1931
0.83 0.1896
0.84 0.1857
0.85 0.182
0.86 0.1791
0.87 0.1755
0.88 0.1719
0.89 0.1687
0.9 0.1663
0.91 0.1632
0.92 0.1605
0.93 0.156
0.94 0.1524
0.95 0.1497
0.96 0.1467
0.97 0.1443
0.98 0.1423
0.99 0.1398
1 0.1373
1.01 0.1344
1.02 0.132
1.03 0.1278
1.04 0.1247
1.05 0.1228
1.06 0.1203
1.07 0.1171
1.08 0.1144
1.09 0.1123
1.1 0.1104
1.11 0.1089
1.12 0.1067
1.13 0.1049
1.14 0.1029
1.15 0.1013
1.16 0.0988
1.17 0.0964
1.18 0.0942
1.19 0.0919
1.2 0.0902
1.21 0.088
1.22 0.0859
1.23 0.0836
1.24 0.0819
1.25 0.0802
1.26 0.0786
1.27 0.0771
1.28 0.0755
1.29 0.0729
1.3 0.0718
1.31 0.0711
1.32 0.0692
1.33 0.0676
1.34 0.0665
1.35 0.0653
1.36 0.0641
1.37 0.0623
1.38 0.0605
1.39 0.0594
1.4 0.0579
1.41 0.0562
1.42 0.0546
1.43 0.0538
1.44 0.0526
1.45 0.0521
1.46 0.0513
1.47 0.0505
1.48 0.0492
1.49 0.0481
1.5 0.0476
1.51 0.0467
1.52 0.0458
1.53 0.0452
1.54 0.0442
1.55 0.0434
1.56 0.0426
1.57 0.0416
1.58 0.0405
1.59 0.0396
1.6 0.0387
1.61 0.0384
1.62 0.0373
1.63 0.0368
1.64 0.0363
1.65 0.0355
1.66 0.0349
1.67 0.0343
1.68 0.0341
1.69 0.0331
1.7 0.0322
1.71 0.0312
1.72 0.0307
1.73 0.0303
1.74 0.0293
1.75 0.0287
1.76 0.0282
1.77 0.0277
1.78 0.0272
1.79 0.0264
1.8 0.0257
1.81 0.0249
1.82 0.0243
1.83 0.0239
1.84 0.0235
1.85 0.0225
1.86 0.0221
1.87 0.022
1.88 0.0215
1.89 0.0213
1.9 0.0208
1.91 0.0202
1.92 0.0197
1.93 0.0194
1.94 0.019
1.95 0.0181
1.96 0.0177
1.97 0.0169
1.98 0.0166
1.99 0.0166
2 0.0162
2.01 0.0159
2.02 0.0155
2.03 0.015
2.04 0.0146
2.05 0.0144
2.06 0.0141
2.07 0.0138
2.08 0.0134
2.09 0.0128
2.1 0.0125
2.11 0.0118
2.12 0.0117
2.13 0.0115
2.14 0.0114
2.15 0.0112
2.16 0.011
2.17 0.0108
2.18 0.0107
2.19 0.0105
2.2 0.0105
2.21 0.0103
2.22 0.0101
2.23 0.0098
2.24 0.0094
2.25 0.0094
2.26 0.0092
2.27 0.0092
2.28 0.0089
2.29 0.0089
2.3 0.0087
2.31 0.0085
2.32 0.0083
2.33 0.0082
2.34 0.0081
2.35 0.0081
2.36 0.0081
2.37 0.0078
2.38 0.0077
2.39 0.0076
2.4 0.0074
2.41 0.0074
2.42 0.0072
2.43 0.0072
2.44 0.0072
2.45 0.0069
2.46 0.0069
2.47 0.0068
2.48 0.0068
2.49 0.0067
2.5 0.0065
2.51 0.0061
2.52 0.006
2.53 0.006
2.54 0.006
2.55 0.0059
2.56 0.0058
2.57 0.0056
2.58 0.0054
2.59 0.0053
2.6 0.0053
2.61 0.0052
2.62 0.0051
2.63 0.0048
2.64 0.0048
2.65 0.0047
2.66 0.0045
2.67 0.0044
2.68 0.0044
2.69 0.0042
2.7 0.0041
2.71 0.0039
2.72 0.0039
2.73 0.0039
2.74 0.0039
2.75 0.0038
2.76 0.0038
2.77 0.0037
2.78 0.0037
2.79 0.0037
2.8 0.0035
2.81 0.0035
2.82 0.0035
2.83 0.0035
2.84 0.0034
2.85 0.0032
2.86 0.0032
2.87 0.003
2.88 0.0028
2.89 0.0027
2.9 0.0027
2.91 0.0025
2.92 0.0025
2.93 0.0025
2.94 0.0025
2.95 0.0024
2.96 0.0024
2.97 0.0024
2.98 0.0023
2.99 0.0023
3 0.0023
