0 0
0.01 0
0.02 0
0.03 0.10004
0.04 0
0.05 0
0.06 0.20022
0.07 0.10016
0.08 0.300722
0.09 0
0.1 0.200844
0.11 0
0.12 0
0.13 0.20143
0.14 0.201654
0.15 0.403633
0.16 0
0.17 0.101194
0.18 0
0.19 0.304476
0.2 0.30525
0.21 0.102051
0.22 0.204394
0.23 0.307125
0.24 0.30785
0.25 0.308356
0.26 0.411862
0.27 0.206462
0.28 0.207189
0.29 0.311365
0.3 0.207987
0.31 0
0.32 0
0.33 0.314498
0.34 0.210349
0.35 0
0.36 0.423146
0.37 0.212269
0.38 0.532141
0.39 0.320581
0.4 0.321647
0.41 0.10755
0.42 0.21575
0.43 0.216286
0.44 0.6509
0.45 0.108849
0.46 0.218603
0.47 0
0.48 0.659921
0.49 0
0.5 0.221656
0.51 0.44484
0.52 0.11157
0.53 0.335909
0.54 0.562177
0.55 0.451467
0.56 0.226475
0.57 0.568311
0.58 0.227998
0.59 0.343092
0.6 0.803213
0.61 0.230203
0.62 0.23116
0.63 0.232072
0.64 0.581869
0.65 0
0.66 0.351906
0.67 0.3529
0.68 0.118161
0.69 0.592557
0.7 0.476134
0.71 0.119432
0.72 0.240154
0.73 0.361882
0.74 0.484966
0.75 0.487092
0.76 0.611172
0.77 0.24567
0.78 0.49334
0.79 0.371701
0.8 0.497698
0.81 0.500814
0.82 0.503969
0.83 0.506778
0.84 0.254162
0.85 0.766088
0.86 0.128254
0.87 0.2574
0.88 0.387597
0.89 0.778715
0.9 0.391952
0.91 0.787919
0.92 0.527357
0.93 0.662866
0.94 0.266134
0.95 0.133601
0.96 1.07411
0.97 0.270124
0.98 0.13574
0.99 0.545554
1 0.411184
1.01 0.689085
1.02 0.968724
1.03 0.973845
1.04 0.279838
1.05 0.702445
1.06 0.705916
1.07 0.992485
1.08 0.999144
1.09 0.430478
1.1 0.721605
1.11 0.871333
1.12 0.876808
1.13 0.293945
1.14 0.590929
1.15 0.297309
1.16 0.298463
1.17 0.449371
1.18 0.754034
1.19 0.45489
1.2 0.304739
1.21 0.918836
1.22 0.461752
1.23 0.309167
1.24 0.621022
1.25 0.468311
1.26 0.157085
1.27 0.316106
1.28 0
1.29 0.638978
1.3 0.965717
1.31 1.13104
1.32 0.487805
1.33 0.490757
1.34 0.329272
1.35 0.661594
1.36 0.665115
1.37 0.83626
1.38 0.673174
1.39 0.338811
1.4 0.680967
1.41 0.856311
1.42 0.517956
1.43 0.520924
1.44 0.523743
1.45 0.526685
1.46 0.706215
1.47 0.53286
1.48 0.713903
1.49 0.359389
1.5 0.904323
1.51 0.364631
1.52 0.731663
1.53 0.18379
1.54 0.55371
1.55 0.743494
1.56 1.12003
1.57 0.564016
1.58 0.755572
1.59 1.14199
1.6 0.574273
1.61 0.577034
1.62 1.35449
1.63 0.974469
1.64 0.783853
1.65 0.5909
1.66 0.19802
1.67 0.598325
1.68 1.00321
1.69 0.404204
1.7 0.609756
1.71 1.63901
1.72 0.206271
1.73 0.832466
1.74 0.418936
1.75 0.420964
1.76 0.635324
1.77 0.426803
1.78 1.07504
1.79 0.650195
1.8 1.09027
1.81 0.659776
1.82 1.10742
1.83 0.894654
1.84 0.450857
1.85 1.13404
1.86 0.685871
1.87 0.460617
1.88 0.231589
1.89 0.465549
1.9 0.70307
1.91 0.472478
1.92 1.18737
1.93 0.478698
1.94 0.241022
1.95 1.21389
1.96 0.244918
1.97 0.739098
1.98 0.248077
1.99 0.747943
2 0.753201
2.01 0.505817
2.02 0.254582
2.03 0.256542
2.04 1.29032
2.05 1.04194
2.06 0.788229
2.07 0.528262
2.08 1.06298
2.09 0.267809
2.1 0.808625
2.11 0.542299
2.12 1.36388
2.13 1.0983
2.14 0.276932
2.15 0.558191
2.16 0.561325
2.17 1.13122
2.18 1.13895
2.19 1.14646
2.2 0.289352
2.21 0.872093
2.22 1.17165
2.23 1.1782
2.24 0.593648
2.25 0.896325
2.26 0.602228
2.27 1.21249
2.28 0
2.29 0.613685
2.3 0.308928
2.31 0.931099
2.32 0
2.33 1.57332
2.34 0.316957
2.35 0.318878
2.36 0.642261
2.37 1.29366
2.38 0.652529
2.39 1.31579
2.4 0.331236
2.41 0
2.42 0.335345
2.43 0.673854
2.44 1.01729
2.45 1.02881
2.46 0.345662
2.47 2.08768
2.48 0.703235
2.49 0.706714
2.5 0
2.51 1.79404
2.52 0.361402
2.53 0.730727
2.54 0.367647
2.55 0.369549
2.56 0
2.57 1.1236
2.58 0.755287
2.59 2.27531
2.6 0
2.61 0.769527
2.62 0.388199
2.63 0.783085
2.64 1.18437
2.65 0.794913
2.66 0.39968
2.67 0.805477
2.68 0.812018
2.69 0.410341
2.7 0
2.71 1.24844
2.72 0.420698
2.73 0.42337
2.74 0
2.75 1.71821
2.76 0.866551
2.77 1.30947
2.78 1.32159
2.79 0.888099
2.8 2.23814
2.81 1.35318
2.82 0.454752
2.83 0.457457
2.84 1.38376
2.85 1.396
2.86 0.469704
2.87 0.473037
2.88 1.43266
2.89 0.961076
2.9 0.484262
2.91 0.979912
2.92 0.494071
2.93 0.992556
2.94 1
2.95 1.00857
2.96 0.510204
2.97 1.54004
2.98 1.5528
2.99 1.56006
3 0
