0 1
0.01 1
0.02 0.9999
0.03 0.9996
0.04 0.9994
0.05 0.9991
0.06 0.9989
0.07 0.9984
0.08 0.9976
0.09 0.9965
0.1 0.9958
0.11 0.9945
0.12 0.9942
0.13 0.9929
0.14 0.9918
0.15 0.991
0.16 0.9898
0.17 0.9882
0.18 0.9869
0.19 0.9853
0.2 0.9828
0.21 0.9799
0.22 0.9785
0.23 0.9768
0.24 0.9745
0.25 0.9729
0.26 0.9712
0.27 0.9687
0.28 0.9653
0.29 0.9635
0.3 0.9616
0.31 0.9584
0.32 0.956
0.33 0.9539
0.34 0.9508
0.35 0.9483
0.36 0.9453
0.37 0.9422
0.38 0.9396
0.39 0.9358
0.4 0.9327
0.41 0.9298
0.42 0.927
0.43 0.9247
0.44 0.9218
0.45 0.9187
0.46 0.9149
0.47 0.9123
0.48 0.9092
0.49 0.9054
0.5 0.9023
0.51 0.8992
0.52 0.8963
0.53 0.8931
0.54 0.8894
0.55 0.886
0.56 0.8831
0.57 0.8798
0.58 0.8772
0.59 0.8744
0.6 0.8715
0.61 0.8688
0.62 0.8652
0.63 0.8618
0.64 0.8593
0.65 0.8552
0.66 0.8525
0.67 0.8501
0.68 0.8463
0.69 0.8438
0.7 0.8401
0.71 0.8373
0.72 0.8328
0.73 0.829
0.74 0.8248
0.75 0.8212
0.76 0.8181
0.77 0.8141
0.78 0.8108
0.79 0.8071
0.8 0.8037
0.81 0.7987
0.82 0.7937
0.83 0.7893
0.84 0.7869
0.85 0.7832
0.86 0.7797
0.87 0.777
0.88 0.774
0.89 0.7705
0.9 0.7654
0.91 0.7615
0.92 0.7585
0.93 0.7543
0.94 0.7515
0.95 0.7485
0.96 0.7448
0.97 0.7404
0.98 0.7367
0.99 0.7332
1 0.7296
1.01 0.7256
1.02 0.7226
1.03 0.7188
1.04 0.7147
1.05 0.7118
1.06 0.7083
1.07 0.7053
1.08 0.7006
1.09 0.6969
1.1 0.6929
1.11 0.6886
1.12 0.6843
1.13 0.6804
1.14 0.6769
1.15 0.6727
1.16 0.6701
1.17 0.6676
1.18 0.6631
1.19 0.6595
1.2 0.6563
1.21 0.653
1.22 0.6497
1.23 0.6469
1.24 0.6441
1.25 0.6406
1.26 0.6366
1.27 0.6327
1.28 0.6296
1.29 0.626
1.3 0.6213
1.31 0.6189
1.32 0.615
1.33 0.6113
1.34 0.6074
1.35 0.6046
1.36 0.6014
1.37 0.5979
1.38 0.5942
1.39 0.5903
1.4 0.5874
1.41 0.5839
1.42 0.5792
1.43 0.5759
1.44 0.5728
1.45 0.5696
1.46 0.5664
1.47 0.563
1.48 0.5603
1.49 0.5565
1.5 0.5529
1.51 0.5485
1.52 0.5467
1.53 0.5441
1.54 0.5418
1.55 0.538
1.56 0.5357
1.57 0.5319
1.58 0.5294
1.59 0.5254
1.6 0.5224
1.61 0.5199
1.62 0.5168
1.63 0.5131
1.64 0.5103
1.65 0.5077
1.66 0.505
1.67 0.5014
1.68 0.4984
1.69 0.4948
1.7 0.492
1.71 0.4881
1.72 0.4848
1.73 0.4805
1.74 0.4774
1.75 0.4751
1.76 0.4722
1.77 0.4686
1.78 0.4651
1.79 0.4614
1.8 0.4586
1.81 0.4547
1.82 0.4515
1.83 0.4471
1.84 0.4436
1.85 0.4409
1.86 0.4374
1.87 0.4342
1.88 0.4318
1.89 0.4296
1.9 0.4267
1.91 0.4233
1.92 0.4211
1.93 0.4178
1.94 0.4149
1.95 0.4119
1.96 0.4083
1.97 0.4059
1.98 0.4031
1.99 0.4011
2 0.3983
2.01 0.3954
2.02 0.3928
2.03 0.3898
2.04 0.3875
2.05 0.3839
2.06 0.3806
2.07 0.3786
2.08 0.3763
2.09 0.3734
2.1 0.371
2.11 0.3688
2.12 0.3666
2.13 0.3642
2.14 0.3611
2.15 0.3583
2.16 0.3563
2.17 0.3536
2.18 0.3512
2.19 0.3489
2.2 0.3456
2.21 0.344
2.22 0.3414
2.23 0.3395
2.24 0.3369
2.25 0.3347
2.26 0.3321
2.27 0.3299
2.28 0.3273
2.29 0.3259
2.3 0.3237
2.31 0.3222
2.32 0.3206
2.33 0.3178
2.34 0.3155
2.35 0.3136
2.36 0.3114
2.37 0.3092
2.38 0.3065
2.39 0.304
2.4 0.3019
2.41 0.3001
2.42 0.2982
2.43 0.2968
2.44 0.2949
2.45 0.2916
2.46 0.2893
2.47 0.2874
2.48 0.2844
2.49 0.283
2.5 0.2803
2.51 0.2787
2.52 0.2767
2.53 0.2737
2.54 0.272
2.55 0.2706
2.56 0.2684
2.57 0.267
2.58 0.2648
2.59 0.2637
2.6 0.2618
2.61 0.2599
2.62 0.2576
2.63 0.2554
2.64 0.2533
2.65 0.2516
2.66 0.2502
2.67 0.2483
2.68 0.2463
2.69 0.2437
2.7 0.2416
2.71 0.2403
2.72 0.2377
2.73 0.2362
2.74 0.2342
2.75 0.2328
2.76 0.2308
2.77 0.2291
2.78 0.227
2.79 0.2252
2.8 0.2234
2.81 0.2217
2.82 0.2199
2.83 0.2186
2.84 0.2168
2.85 0.2149
2.86 0.2129
2.87 0.2114
2.88 0.2094
2.89 0.2081
2.9 0.2065
2.91 0.2041
2.92 0.2024
2.93 0.2015
2.94 0.2
2.95 0.1983
2.96 0.196
2.97 0.1948
2.98 0.1932
2.99 0.1923
3 0.1899
