0 -0
0.01 0.0197043
0.02 0.0388337
0.03 0.0574121
0.04 0.0754622
0.05 0.0930052
0.06 0.110061
0.07 0.12665
0.08 0.142789
0.09 0.158496
0.1 0.173787
0.11 0.188678
0.12 0.203183
0.13 0.217317
0.14 0.231093
0.15 0.244524
0.16 0.257621
0.17 0.270398
0.18 0.282864
0.19 0.29503
0.2 0.306906
0.21 0.318502
0.22 0.329828
0.23 0.340891
0.24 0.351701
0.25 0.362266
0.26 0.372592
0.27 0.382689
0.28 0.392562
0.29 0.40222
0.3 0.411667
0.31 0.420911
0.32 0.429958
0.33 0.438813
0.34 0.447482
0.35 0.45597
0.36 0.464283
0.37 0.472426
0.38 0.480403
0.39 0.488219
0.4 0.495879
0.41 0.503386
0.42 0.510745
0.43 0.51796
0.44 0.525034
0.45 0.531972
0.46 0.538777
0.47 0.545452
0.48 0.552001
0.49 0.558427
0.5 0.564733
0.51 0.570923
0.52 0.576998
0.53 0.582962
0.54 0.588818
0.55 0.594568
0.56 0.600215
0.57 0.605761
0.58 0.611209
0.59 0.616561
0.6 0.621819
0.61 0.626986
0.62 0.632063
0.63 0.637053
0.64 0.641957
0.65 0.646778
0.66 0.651518
0.67 0.656177
0.68 0.660759
0.69 0.665264
0.7 0.669695
0.71 0.674053
0.72 0.678339
0.73 0.682556
0.74 0.686704
0.75 0.690785
0.76 0.694801
0.77 0.698753
0.78 0.702642
0.79 0.706469
0.8 0.710236
0.81 0.713944
0.82 0.717594
0.83 0.721187
0.84 0.724725
0.85 0.728209
0.86 0.731639
0.87 0.735017
0.88 0.738343
0.89 0.741619
0.9 0.744846
0.91 0.748025
0.92 0.751156
0.93 0.75424
0.94 0.757279
0.95 0.760273
0.96 0.763224
0.97 0.766131
0.98 0.768995
0.99 0.771818
1 0.7746
1.01 0.777342
1.02 0.780045
1.03 0.782709
1.04 0.785336
1.05 0.787925
1.06 0.790477
1.07 0.792993
1.08 0.795474
1.09 0.797921
1.1 0.800333
1.11 0.802711
1.12 0.805057
1.13 0.807371
1.14 0.809652
1.15 0.811902
1.16 0.814122
1.17 0.816311
1.18 0.818471
1.19 0.820601
1.2 0.822702
1.21 0.824776
1.22 0.826821
1.23 0.828839
1.24 0.83083
1.25 0.832795
1.26 0.834734
1.27 0.836647
1.28 0.838535
1.29 0.840398
1.3 0.842236
1.31 0.844051
1.32 0.845842
1.33 0.847609
1.34 0.849354
1.35 0.851076
1.36 0.852776
1.37 0.854454
1.38 0.856111
1.39 0.857746
1.4 0.859361
1.41 0.860955
1.42 0.862529
1.43 0.864082
1.44 0.865617
1.45 0.867131
1.46 0.868627
1.47 0.870104
1.48 0.871563
1.49 0.873003
1.5 0.874425
1.51 0.87583
1.52 0.877217
1.53 0.878587
1.54 0.87994
1.55 0.881277
1.56 0.882597
1.57 0.8839
1.58 0.885188
1.59 0.88646
1.6 0.887717
1.61 0.888958
1.62 0.890184
1.63 0.891396
1.64 0.892593
1.65 0.893775
1.66 0.894943
1.67 0.896097
1.68 0.897237
1.69 0.898363
1.7 0.899476
1.71 0.900576
1.72 0.901662
1.73 0.902736
1.74 0.903797
1.75 0.904845
1.76 0.905881
1.77 0.906905
1.78 0.907917
1.79 0.908916
1.8 0.909904
1.81 0.910881
1.82 0.911845
1.83 0.912799
1.84 0.913742
1.85 0.914673
1.86 0.915594
1.87 0.916504
1.88 0.917403
1.89 0.918292
1.9 0.919171
1.91 0.92004
1.92 0.920898
1.93 0.921747
1.94 0.922586
1.95 0.923415
1.96 0.924235
1.97 0.925045
1.98 0.925846
1.99 0.926638
2 0.927421
2.01 0.928195
2.02 0.92896
2.03 0.929717
2.04 0.930465
2.05 0.931204
2.06 0.931935
2.07 0.932658
2.08 0.933373
2.09 0.93408
2.1 0.934778
2.11 0.935469
2.12 0.936152
2.13 0.936828
2.14 0.937496
2.15 0.938156
2.16 0.938809
2.17 0.939455
2.18 0.940093
2.19 0.940725
2.2 0.941349
2.21 0.941967
2.22 0.942577
2.23 0.943181
2.24 0.943778
2.25 0.944369
2.26 0.944953
2.27 0.94553
2.28 0.946101
2.29 0.946666
2.3 0.947225
2.31 0.947778
2.32 0.948324
2.33 0.948864
2.34 0.949399
2.35 0.949928
2.36 0.950451
2.37 0.950968
2.38 0.951479
2.39 0.951985
2.4 0.952486
2.41 0.952981
2.42 0.95347
2.43 0.953955
2.44 0.954434
2.45 0.954908
2.46 0.955376
2.47 0.95584
2.48 0.956299
2.49 0.956752
2.5 0.957201
2.51 0.957645
2.52 0.958084
2.53 0.958518
2.54 0.958948
2.55 0.959373
2.56 0.959794
2.57 0.96021
2.58 0.960621
2.59 0.961028
2.6 0.961431
2.61 0.961829
2.62 0.962223
2.63 0.962613
2.64 0.962999
2.65 0.963381
2.66 0.963758
2.67 0.964132
2.68 0.964501
2.69 0.964867
2.7 0.965229
2.71 0.965587
2.72 0.965941
2.73 0.966291
2.74 0.966638
2.75 0.966981
2.76 0.96732
2.77 0.967656
2.78 0.967988
2.79 0.968316
2.8 0.968642
2.81 0.968963
2.82 0.969282
2.83 0.969596
2.84 0.969908
2.85 0.970216
2.86 0.970522
2.87 0.970823
2.88 0.971122
2.89 0.971418
2.9 0.97171
2.91 0.971999
2.92 0.972286
2.93 0.972569
2.94 0.972849
2.95 0.973127
2.96 0.973401
2.97 0.973673
2.98 0.973942
2.99 0.974208
3 0.974471
