0 0
0.01 0.10002
0.02 0
0.03 0
0.04 0
0.05 0
0.06 0.100271
0.07 0.200723
0.08 0.201025
0.09 0.301902
0.1 0.503931
0.11 0.504999
0.12 0
0.13 0.202984
0.14 0.203397
0.15 0.203749
0.16 0.306341
0.17 0.102417
0.18 0.30785
0.19 0.308833
0.2 0
0.21 0.517652
0.22 0.207727
0.23 0.312826
0.24 0.209358
0.25 0.315192
0.26 0.316122
0.27 0.529045
0.28 0.424809
0.29 0.319829
0.3 0.535504
0.31 0.537808
0.32 0.647808
0.33 0.434216
0.34 0
0.35 0.218747
0.36 0.32996
0.37 0.331309
0.38 0.221951
0.39 0.668747
0.4 1.00942
0.41 0.225581
0.42 0.566893
0.43 0.341997
0.44 0.4584
0.45 0.345185
0.46 0.810091
0.47 1.28101
0.48 0.937097
0.49 0.824499
0.5 0.473373
0.51 0.357526
0.52 0.479386
0.53 0.241284
0.54 0.121448
0.55 0.731886
0.56 0.983043
0.57 0.742299
0.58 0.871189
0.59 0.375141
0.6 0.880503
0.61 0.632271
0.62 0.509295
0.63 0.256279
0.64 1.03226
0.65 0.259605
0.66 1.04384
0.67 0.263019
0.68 0.925803
0.69 1.19952
0.7 0.536913
0.71 0.540394
0.72 0.68018
0.73 0.274236
0.74 0.967118
0.75 0.834841
0.76 0.701262
0.77 0.705716
0.78 0.994177
0.79 0.859476
0.8 0.576535
0.81 0.58072
0.82 0.439174
0.83 0.294551
0.84 0.444906
0.85 0.596748
0.86 0.601504
0.87 0.605235
0.88 1.52277
0.89 0.4609
0.9 0.619195
0.91 0.779059
0.92 0.941915
0.93 0.316306
0.94 1.11394
0.95 2.24539
0.96 1.13489
0.97 0.489956
0.98 0.985869
0.99 0.6628
1 0.66778
1.01 0.168152
1.02 0.846167
1.03 1.53453
1.04 1.37504
1.05 0.693001
1.06 0.349773
1.07 0.528355
1.08 0.709723
1.09 0.715948
1.1 0.721891
1.11 0.364033
1.12 0.366569
1.13 0.553506
1.14 0.742942
1.15 1.68571
1.16 0.756144
1.17 0.572301
1.18 0.19253
1.19 0.969932
1.2 0.58674
1.21 0.592183
1.22 0.796178
1.23 0.401606
1.24 0.608026
1.25 0.408247
1.26 1.64237
1.27 0.828672
1.28 0.208812
1.29 2.31287
1.3 0.849618
1.31 0.642123
1.32 0.215703
1.33 0.217155
1.34 0.873935
1.35 0
1.36 1.33008
1.37 0.673552
1.38 0.680426
1.39 0.458821
1.4 0.926569
1.41 0.932401
1.42 1.17675
1.43 0.237756
1.44 1.1976
1.45 1.20685
1.46 0.973236
1.47 0.736016
1.48 1.48441
1.49 1.49963
1.5 0
1.51 0.763747
1.52 1.02907
1.53 1.03869
1.54 1.3089
1.55 0.791348
1.56 0.265887
1.57 0.535906
1.58 0.540249
1.59 1.36129
1.6 0.548697
1.61 1.10803
1.62 0.837989
1.63 0.844832
1.64 0.853485
1.65 0.859599
1.66 1.1544
1.67 0.583771
1.68 0.884173
1.69 0.297265
1.7 0.29976
1.71 0.604778
1.72 1.221
1.73 0.921942
1.74 1.54703
1.75 0.937207
1.76 0.944584
1.77 0.634518
1.78 0
1.79 0.970874
1.8 0.978793
1.81 0.987167
1.82 1.3289
1.83 0.670466
1.84 1.01317
1.85 1.36379
1.86 1.03093
1.87 0
1.88 1.05042
1.89 0.706464
1.9 0.712504
1.91 0.719424
1.92 0.725689
1.93 1.09689
1.94 1.10619
1.95 0.745712
1.96 1.12697
1.97 0.761035
1.98 1.15252
1.99 0.774893
2 0
2.01 1.17601
2.02 1.97863
2.03 1.20144
2.04 0.805802
2.05 0.406339
2.06 2.04834
2.07 0.827815
2.08 0.417188
2.09 0.421585
2.1 0
2.11 0.430108
2.12 1.30378
2.13 0
2.14 1.32979
2.15 0.894055
2.16 0.902527
2.17 0.911162
2.18 1.37931
2.19 0.464684
2.2 0.938967
2.21 1.4218
2.22 0.953743
2.23 0.481696
2.24 1.94458
2.25 0.491884
2.26 0.49554
2.27 1.5015
2.28 0.505561
2.29 0
2.3 1.02722
2.31 1.5544
2.32 0
2.33 0.527983
2.34 0.534759
2.35 1.07759
2.36 0.54407
2.37 1.09769
2.38 1.66852
2.39 1.11919
2.4 1.69972
2.41 0
2.42 0.576369
2.43 0.581395
2.44 0
2.45 0.591366
2.46 0
2.47 0
2.48 0
2.49 0
2.5 0
2.51 0
2.52 0.620732
2.53 0.628141
2.54 1.26823
2.55 3.20718
2.56 0.648088
2.57 0.654022
2.58 0.658762
2.59 1.98939
2.6 0
2.61 2.02977
2.62 0
2.63 1.38217
2.64 2.09059
2.65 2.81492
2.66 3.55366
2.67 0
2.68 0.726216
2.69 0
2.7 0.739645
2.71 0.746826
2.72 0
2.73 1.5186
2.74 1.53374
2.75 0
2.76 0
2.77 0
2.78 0
2.79 0
2.8 0.807754
2.81 0.817661
2.82 0.823045
2.83 0.834028
2.84 3.37268
2.85 0
2.86 0.857633
2.87 2.59516
2.88 1.75285
2.89 0
2.9 0
2.91 1.79695
2.92 0
2.93 1.83318
2.94 0.928505
2.95 1.86741
2.96 0.942507
2.97 0.948767
2.98 0.953289
2.99 0
3 0.97371
