0 1
0.01 0.999901
0.02 0.999608
0.03 0.999127
0.04 0.998463
0.05 0.997621
0.06 0.996609
0.07 0.995429
0.08 0.994089
0.09 0.992592
0.1 0.990944
0.11 0.989149
0.12 0.987213
0.13 0.985139
0.14 0.982933
0.15 0.980598
0.16 0.978139
0.17 0.975559
0.18 0.972864
0.19 0.970057
0.2 0.967141
0.21 0.964122
0.22 0.961001
0.23 0.957784
0.24 0.954472
0.25 0.951071
0.26 0.947583
0.27 0.944011
0.28 0.940358
0.29 0.936629
0.3 0.932825
0.31 0.928949
0.32 0.925006
0.33 0.920996
0.34 0.916924
0.35 0.912791
0.36 0.9086
0.37 0.904355
0.38 0.900056
0.39 0.895708
0.4 0.891311
0.41 0.886869
0.42 0.882383
0.43 0.877856
0.44 0.87329
0.45 0.868687
0.46 0.864048
0.47 0.859377
0.48 0.854674
0.49 0.849942
0.5 0.845182
0.51 0.840396
0.52 0.835586
0.53 0.830754
0.54 0.825901
0.55 0.821029
0.56 0.816138
0.57 0.811232
0.58 0.806311
0.59 0.801376
0.6 0.796429
0.61 0.791472
0.62 0.786505
0.63 0.78153
0.64 0.776548
0.65 0.77156
0.66 0.766567
0.67 0.761571
0.68 0.756573
0.69 0.751574
0.7 0.746574
0.71 0.741574
0.72 0.736577
0.73 0.731582
0.74 0.72659
0.75 0.721603
0.76 0.716621
0.77 0.711645
0.78 0.706676
0.79 0.701714
0.8 0.696761
0.81 0.691817
0.82 0.686883
0.83 0.68196
0.84 0.677047
0.85 0.672146
0.86 0.667258
0.87 0.662383
0.88 0.657521
0.89 0.652673
0.9 0.64784
0.91 0.643023
0.92 0.638221
0.93 0.633435
0.94 0.628666
0.95 0.623913
0.96 0.619179
0.97 0.614462
0.98 0.609764
0.99 0.605084
1 0.600424
1.01 0.595782
1.02 0.591161
1.03 0.58656
1.04 0.581979
1.05 0.577419
1.06 0.57288
1.07 0.568362
1.08 0.563866
1.09 0.559391
1.1 0.554939
1.11 0.550509
1.12 0.546101
1.13 0.541716
1.14 0.537354
1.15 0.533015
1.16 0.528699
1.17 0.524406
1.18 0.520137
1.19 0.515892
1.2 0.51167
1.21 0.507473
1.22 0.503299
1.23 0.49915
1.24 0.495025
1.25 0.490925
1.26 0.486848
1.27 0.482797
1.28 0.47877
1.29 0.474768
1.3 0.47079
1.31 0.466837
1.32 0.462909
1.33 0.459006
1.34 0.455128
1.35 0.451275
1.36 0.447447
1.37 0.443644
1.38 0.439865
1.39 0.436112
1.4 0.432384
1.41 0.428681
1.42 0.425002
1.43 0.421349
1.44 0.417721
1.45 0.414117
1.46 0.410539
1.47 0.406985
1.48 0.403456
1.49 0.399952
1.5 0.396473
1.51 0.393019
1.52 0.389589
1.53 0.386184
1.54 0.382803
1.55 0.379447
1.56 0.376115
1.57 0.372808
1.58 0.369524
1.59 0.366266
1.6 0.363031
1.61 0.35982
1.62 0.356634
1.63 0.353471
1.64 0.350332
1.65 0.347217
1.66 0.344125
1.67 0.341057
1.68 0.338013
1.69 0.334992
1.7 0.331994
1.71 0.329019
1.72 0.326068
1.73 0.323139
1.74 0.320233
1.75 0.317351
1.76 0.31449
1.77 0.311653
1.78 0.308837
1.79 0.306045
1.8 0.303274
1.81 0.300526
1.82 0.297799
1.83 0.295095
1.84 0.292412
1.85 0.289751
1.86 0.287111
1.87 0.284493
1.88 0.281896
1.89 0.279321
1.9 0.276766
1.91 0.274233
1.92 0.27172
1.93 0.269228
1.94 0.266757
1.95 0.264306
1.96 0.261876
1.97 0.259465
1.98 0.257075
1.99 0.254705
2 0.252355
2.01 0.250024
2.02 0.247713
2.03 0.245422
2.04 0.24315
2.05 0.240897
2.06 0.238663
2.07 0.236449
2.08 0.234253
2.09 0.232076
2.1 0.229917
2.11 0.227777
2.12 0.225656
2.13 0.223552
2.14 0.221467
2.15 0.2194
2.16 0.21735
2.17 0.215319
2.18 0.213305
2.19 0.211308
2.2 0.209329
2.21 0.207367
2.22 0.205422
2.23 0.203494
2.24 0.201584
2.25 0.199689
2.26 0.197812
2.27 0.195951
2.28 0.194106
2.29 0.192278
2.3 0.190466
2.31 0.18867
2.32 0.186889
2.33 0.185125
2.34 0.183376
2.35 0.181643
2.36 0.179925
2.37 0.178223
2.38 0.176536
2.39 0.174863
2.4 0.173206
2.41 0.171564
2.42 0.169936
2.43 0.168323
2.44 0.166725
2.45 0.165141
2.46 0.163571
2.47 0.162015
2.48 0.160474
2.49 0.158946
2.5 0.157432
2.51 0.155932
2.52 0.154445
2.53 0.152972
2.54 0.151513
2.55 0.150067
2.56 0.148633
2.57 0.147213
2.58 0.145806
2.59 0.144412
2.6 0.143031
2.61 0.141662
2.62 0.140305
2.63 0.138962
2.64 0.13763
2.65 0.136311
2.66 0.135004
2.67 0.133709
2.68 0.132425
2.69 0.131154
2.7 0.129894
2.71 0.128646
2.72 0.12741
2.73 0.126185
2.74 0.124971
2.75 0.123769
2.76 0.122578
2.77 0.121397
2.78 0.120228
2.79 0.11907
2.8 0.117922
2.81 0.116785
2.82 0.115659
2.83 0.114543
2.84 0.113438
2.85 0.112343
2.86 0.111258
2.87 0.110183
2.88 0.109118
2.89 0.108064
2.9 0.107019
2.91 0.105984
2.92 0.104959
2.93 0.103943
2.94 0.102937
2.95 0.10194
2.96 0.100953
2.97 0.0999746
2.98 0.0990058
2.99 0.098046
3 0.0970954
