0 1
0.01 0.9998
0.02 0.9994
0.03 0.9992
0.04 0.9987
0.05 0.9984
0.06 0.9973
0.07 0.9964
0.08 0.9949
0.09 0.9937
0.1 0.9922
0.11 0.9901
0.12 0.9872
0.13 0.9853
0.14 0.9833
0.15 0.9816
0.16 0.9793
0.17 0.9764
0.18 0.9745
0.19 0.9714
0.2 0.9678
0.21 0.9659
0.22 0.9628
0.23 0.959
0.24 0.9553
0.25 0.9518
0.26 0.949
0.27 0.9451
0.28 0.9416
0.29 0.938
0.3 0.9337
0.31 0.9297
0.32 0.9262
0.33 0.9212
0.34 0.9184
0.35 0.9143
0.36 0.9092
0.37 0.9055
0.38 0.9011
0.39 0.8972
0.4 0.8916
0.41 0.8866
0.42 0.882
0.43 0.8772
0.44 0.8726
0.45 0.8691
0.46 0.8641
0.47 0.8587
0.48 0.8537
0.49 0.849
0.5 0.845
0.51 0.8391
0.52 0.8344
0.53 0.8289
0.54 0.8234
0.55 0.8198
0.56 0.8138
0.57 0.8083
0.58 0.8035
0.59 0.7997
0.6 0.795
0.61 0.7908
0.62 0.7854
0.63 0.7804
0.64 0.775
0.65 0.7704
0.66 0.7664
0.67 0.7604
0.68 0.7561
0.69 0.7503
0.7 0.745
0.71 0.7402
0.72 0.7351
0.73 0.7293
0.74 0.7238
0.75 0.7187
0.76 0.713
0.77 0.7085
0.78 0.7041
0.79 0.6981
0.8 0.6938
0.81 0.6888
0.82 0.6831
0.83 0.679
0.84 0.6743
0.85 0.6703
0.86 0.665
0.87 0.6609
0.88 0.6567
0.89 0.6509
0.9 0.646
0.91 0.6418
0.92 0.637
0.93 0.6323
0.94 0.6284
0.95 0.6235
0.96 0.6168
0.97 0.6123
0.98 0.6086
0.99 0.6035
1 0.599
1.01 0.5947
1.02 0.5909
1.03 0.5865
1.04 0.5818
1.05 0.5772
1.06 0.5718
1.07 0.5678
1.08 0.5636
1.09 0.5587
1.1 0.5541
1.11 0.5494
1.12 0.5456
1.13 0.542
1.14 0.5384
1.15 0.5339
1.16 0.529
1.17 0.5242
1.18 0.5194
1.19 0.5155
1.2 0.5113
1.21 0.5066
1.22 0.5024
1.23 0.498
1.24 0.4934
1.25 0.4899
1.26 0.4871
1.27 0.4827
1.28 0.4789
1.29 0.4756
1.3 0.4708
1.31 0.4672
1.32 0.4636
1.33 0.4605
1.34 0.4577
1.35 0.4535
1.36 0.4511
1.37 0.4454
1.38 0.4409
1.39 0.4359
1.4 0.4317
1.41 0.429
1.42 0.4249
1.43 0.4206
1.44 0.4175
1.45 0.4143
1.46 0.411
1.47 0.4076
1.48 0.4042
1.49 0.4001
1.5 0.3965
1.51 0.3928
1.52 0.3887
1.53 0.3851
1.54 0.382
1.55 0.3791
1.56 0.3761
1.57 0.3732
1.58 0.3702
1.59 0.3673
1.6 0.3645
1.61 0.361
1.62 0.358
1.63 0.3551
1.64 0.3515
1.65 0.349
1.66 0.3465
1.67 0.3426
1.68 0.3393
1.69 0.3364
1.7 0.3336
1.71 0.3307
1.72 0.3276
1.73 0.3254
1.74 0.3232
1.75 0.3201
1.76 0.3176
1.77 0.3152
1.78 0.3124
1.79 0.309
1.8 0.3065
1.81 0.3039
1.82 0.301
1.83 0.2983
1.84 0.2961
1.85 0.2933
1.86 0.291
1.87 0.2884
1.88 0.2856
1.89 0.2831
1.9 0.2807
1.91 0.278
1.92 0.2756
1.93 0.2735
1.94 0.2712
1.95 0.2682
1.96 0.2662
1.97 0.2628
1.98 0.2603
1.99 0.2581
2 0.2561
2.01 0.2551
2.02 0.2527
2.03 0.2497
2.04 0.2482
2.05 0.2461
2.06 0.2441
2.07 0.2416
2.08 0.2397
2.09 0.2372
2.1 0.234
2.11 0.2325
2.12 0.2301
2.13 0.2273
2.14 0.2256
2.15 0.2237
2.16 0.2216
2.17 0.2195
2.18 0.2175
2.19 0.2152
2.2 0.213
2.21 0.211
2.22 0.2097
2.23 0.2076
2.24 0.2057
2.25 0.2033
2.26 0.2018
2.27 0.1998
2.28 0.1978
2.29 0.1962
2.3 0.1947
2.31 0.193
2.32 0.1912
2.33 0.1894
2.34 0.187
2.35 0.1856
2.36 0.1838
2.37 0.1822
2.38 0.1798
2.39 0.1787
2.4 0.1765
2.41 0.1746
2.42 0.1735
2.43 0.172
2.44 0.1704
2.45 0.1691
2.46 0.1678
2.47 0.1666
2.48 0.1655
2.49 0.1639
2.5 0.163
2.51 0.1622
2.52 0.1611
2.53 0.1592
2.54 0.1577
2.55 0.1559
2.56 0.1543
2.57 0.1529
2.58 0.1518
2.59 0.1508
2.6 0.1492
2.61 0.1478
2.62 0.1463
2.63 0.1447
2.64 0.1435
2.65 0.1421
2.66 0.1407
2.67 0.1391
2.68 0.1377
2.69 0.1363
2.7 0.1352
2.71 0.1339
2.72 0.1324
2.73 0.1317
2.74 0.1304
2.75 0.1294
2.76 0.1283
2.77 0.1275
2.78 0.1261
2.79 0.1246
2.8 0.1238
2.81 0.1223
2.82 0.1215
2.83 0.1199
2.84 0.1186
2.85 0.1176
2.86 0.1166
2.87 0.1156
2.88 0.1141
2.89 0.1131
2.9 0.1122
2.91 0.1113
2.92 0.1096
2.93 0.1091
2.94 0.1077
2.95 0.1071
2.96 0.1061
2.97 0.1054
2.98 0.1049
2.99 0.1039
3 0.1027
