85.06340378191501
55.323796316764025
48.25771184336172
43.52845039687794
39.834066562204825
36.38854508544485
33.13129690201605
30.15208485004313
26.880720041546294
24.29723283068452
22.221241238721774
20.35774940210007
18.765617659607102
17.38459893778404
16.148601819465963
15.04963225862034
14.05745645625261
13.140380998094528
12.303212464673525
11.551920978412848
10.874676247168848
10.256571383597933
9.722062727030684
9.248836008763291
8.811135768759552
8.401678152594211
8.014242726918669
7.683432701493826
7.399003459495883
7.089541464206621
6.79222033282325
6.518308180832062
6.271168783725908
6.045340002933054
