-192 0.398374
-190 0.395926
-188 0.395594
-186 0.393031
-184 0.391271
-182 0.391441
-180 0.39141
-178 0.39202
-176 0.39399
-174 0.396037
-172 0.399168
-170 0.399288
-168 0.397661
-166 0.39561
-164 0.392695
-162 0.388856
-160 0.384599
-158 0.382377
-156 0.378978
-154 0.376978
-152 0.375532
-150 0.376324
-148 0.375217
-146 0.375285
-144 0.375983
-142 0.377206
-140 0.37621
-138 0.374168
-136 0.372484
-134 0.37296
-132 0.372796
-130 0.373418
-128 0.375394
-126 0.37318
-124 0.369942
-122 0.36746
-120 0.364073
-118 0.362073
-116 0.354966
-114 0.346464
-112 0.341102
-110 0.336551
-108 0.336599
-106 0.33519
-104 0.334413
-102 0.333029
-100 0.329228
-98 0.324657
-96 0.322529
-94 0.31912
-92 0.31389
-90 0.307825
-88 0.302606
-86 0.298644
-84 0.293849
-82 0.29013
-80 0.28615
-78 0.282317
-76 0.279086
-74 0.277252
-72 0.275572
-70 0.276285
-68 0.277384
-66 0.27838
-64 0.27917
-62 0.281831
-60 0.282551
-58 0.284862
-56 0.289278
-54 0.295005
-52 0.302343
-50 0.310396
-48 0.319759
-46 0.32574
-44 0.329895
-42 0.332194
-40 0.336499
-38 0.342929
-36 0.35117
-34 0.35924
-32 0.367232
-30 0.373206
-28 0.378437
-26 0.387227
-24 0.396598
-22 0.408392
-20 0.418232
-18 0.428944
-16 0.443029
-14 0.457654
-12 0.474751
-10 0.490984
-8 0.50864
-6 0.528469
-4 0.54929
-2 0.578239
0 0.645804
2 0.575752
4 0.551715
6 0.533176
8 0.516476
10 0.501848
12 0.490294
14 0.480775
16 0.471667
18 0.450735
20 0.434976
22 0.421844
24 0.409568
26 0.399554
28 0.393082
30 0.389388
32 0.38483
34 0.378129
36 0.37052
38 0.363423
40 0.356254
42 0.351247
44 0.346069
46 0.340228
48 0.334481
50 0.325495
52 0.318117
54 0.31129
56 0.304472
58 0.299239
60 0.295193
62 0.292047
64 0.291958
66 0.290182
68 0.287804
70 0.286778
72 0.286865
74 0.288574
76 0.289151
78 0.291817
80 0.294236
82 0.298576
84 0.302291
86 0.305784
88 0.309442
90 0.313232
92 0.316644
94 0.32125
96 0.322827
98 0.325744
100 0.329065
102 0.333169
104 0.334114
106 0.334801
108 0.336417
110 0.337104
112 0.34163
114 0.346697
116 0.355794
118 0.363332
120 0.364704
122 0.367783
124 0.370564
126 0.373252
128 0.375199
130 0.374235
132 0.37443
134 0.37419
136 0.375918
138 0.378822
140 0.381169
142 0.382001
144 0.381232
146 0.380788
148 0.381027
150 0.382074
152 0.382077
154 0.382252
156 0.384272
158 0.387023
160 0.38847
162 0.391364
164 0.393861
166 0.396475
168 0.397313
170 0.398194
172 0.398429
174 0.39484
176 0.392481
178 0.390447
180 0.391101
182 0.392327
184 0.392867
186 0.394602
188 0.397563
190 0.398582
