-192 0.398196
-190 0.395751
-188 0.395597
-186 0.393338
-184 0.391481
-182 0.391444
-180 0.391602
-178 0.391295
-176 0.393699
-174 0.396766
-172 0.400083
-170 0.399376
-168 0.397569
-166 0.395076
-164 0.392604
-162 0.388523
-160 0.384125
-158 0.381963
-156 0.379057
-154 0.377238
-152 0.376321
-150 0.376022
-148 0.375101
-146 0.375202
-144 0.376413
-142 0.378477
-140 0.37839
-138 0.377617
-136 0.376234
-134 0.375
-132 0.375008
-130 0.374976
-128 0.376059
-126 0.374325
-124 0.371032
-122 0.368204
-120 0.364894
-118 0.363222
-116 0.355414
-114 0.346481
-112 0.34086
-110 0.335292
-108 0.335528
-106 0.334645
-104 0.333679
-102 0.331574
-100 0.327428
-98 0.323368
-96 0.320792
-94 0.317914
-92 0.312941
-90 0.308456
-88 0.303392
-86 0.299735
-84 0.295203
-82 0.290176
-80 0.286966
-78 0.284121
-76 0.281464
-74 0.280402
-72 0.279281
-70 0.280209
-68 0.281626
-66 0.28298
-64 0.283787
-62 0.286201
-60 0.287624
-58 0.290751
-56 0.295688
-54 0.301476
-52 0.309565
-50 0.317519
-48 0.325978
-46 0.332154
-44 0.337427
-42 0.342618
-40 0.348231
-38 0.355307
-36 0.362752
-34 0.36982
-32 0.376859
-30 0.383217
-28 0.390418
-26 0.40011
-24 0.409401
-22 0.420632
-20 0.43373
-18 0.448359
-16 0.465213
-14 0.482169
-12 0.501296
-10 0.521965
-8 0.545508
-6 0.570942
-4 0.599273
-2 0.635355
0 0.717331
2 0.639752
4 0.606632
6 0.58637
8 0.567732
10 0.537089
12 0.515574
14 0.496866
16 0.478348
18 0.459834
20 0.443718
22 0.429101
24 0.417516
26 0.408518
28 0.398949
30 0.393434
32 0.387876
34 0.381108
36 0.375047
38 0.367412
40 0.35952
42 0.353681
44 0.347841
46 0.341765
48 0.33574
50 0.326654
52 0.31979
54 0.311733
56 0.305919
58 0.30093
60 0.297463
62 0.293676
64 0.292205
66 0.292155
68 0.291282
70 0.288813
72 0.287453
74 0.288519
76 0.289286
78 0.291355
80 0.293147
82 0.296022
84 0.300205
86 0.304028
88 0.308006
90 0.31275
92 0.31699
94 0.321311
96 0.322294
98 0.324608
100 0.328337
102 0.332346
104 0.333077
106 0.333941
108 0.33621
110 0.336214
112 0.341631
114 0.346989
116 0.356364
118 0.364514
120 0.366325
122 0.36916
124 0.371803
126 0.3745
128 0.376042
130 0.375377
132 0.375532
134 0.375448
136 0.377382
138 0.380282
140 0.382074
142 0.383065
144 0.381584
146 0.380964
148 0.380876
150 0.381861
152 0.382134
154 0.381655
156 0.382157
158 0.383974
160 0.385228
162 0.389088
164 0.393126
166 0.39644
168 0.398181
170 0.40032
172 0.40007
174 0.396112
176 0.393267
178 0.391291
180 0.391555
182 0.393224
184 0.393622
186 0.395293
188 0.398317
190 0.399451
