-192 0.441552
-190 0.43941
-188 0.439241
-186 0.436643
-184 0.43527
-182 0.435844
-180 0.435498
-178 0.435915
-176 0.437665
-174 0.440527
-172 0.444318
-170 0.444072
-168 0.442737
-166 0.440847
-164 0.43762
-162 0.433884
-160 0.430361
-158 0.428216
-156 0.425531
-154 0.424343
-152 0.424182
-150 0.425589
-148 0.425434
-146 0.427384
-144 0.429235
-142 0.430578
-140 0.429984
-138 0.428791
-136 0.426744
-134 0.425635
-132 0.425626
-130 0.426005
-128 0.426858
-126 0.425517
-124 0.422881
-122 0.420006
-120 0.417235
-118 0.414943
-116 0.407931
-114 0.399955
-112 0.393958
-110 0.388412
-108 0.388117
-106 0.387482
-104 0.386389
-102 0.38538
-100 0.382394
-98 0.3786
-96 0.376889
-94 0.375339
-92 0.371158
-90 0.367072
-88 0.362747
-86 0.359796
-84 0.356836
-82 0.353897
-80 0.350817
-78 0.348183
-76 0.34616
-74 0.346035
-72 0.345537
-70 0.347248
-68 0.349493
-66 0.352116
-64 0.352988
-62 0.356196
-60 0.360082
-58 0.363033
-56 0.367704
-54 0.374194
-52 0.382695
-50 0.39179
-48 0.401151
-46 0.408918
-44 0.415389
-42 0.420997
-40 0.427823
-38 0.436236
-36 0.445314
-34 0.453357
-32 0.460971
-30 0.467022
-28 0.474426
-26 0.485253
-24 0.497464
-22 0.51147
-20 0.52587
-18 0.541839
-16 0.561421
-14 0.581032
-12 0.603735
-10 0.628136
-8 0.658519
-6 0.694965
-4 0.733778
-2 0.787262
0 0.999997
2 0.787262
4 0.733778
6 0.694965
8 0.658519
10 0.628136
12 0.603735
14 0.581032
16 0.561421
18 0.541839
20 0.52587
22 0.51147
24 0.497464
26 0.485253
28 0.474426
30 0.467022
32 0.460971
34 0.453357
36 0.445314
38 0.436236
40 0.427823
42 0.420997
44 0.415389
46 0.408918
48 0.401151
50 0.39179
52 0.382695
54 0.374194
56 0.367704
58 0.363033
60 0.360082
62 0.356196
64 0.352988
66 0.352116
68 0.349493
70 0.347248
72 0.345537
74 0.346035
76 0.34616
78 0.348183
80 0.350817
82 0.353897
84 0.356836
86 0.359796
88 0.362747
90 0.367072
92 0.371158
94 0.375339
96 0.376889
98 0.3786
100 0.382394
102 0.38538
104 0.386389
106 0.387482
108 0.388117
110 0.388412
112 0.393958
114 0.399955
116 0.407931
118 0.414943
120 0.417235
122 0.420006
124 0.422881
126 0.425517
128 0.426858
130 0.426005
132 0.425626
134 0.425635
136 0.426744
138 0.428791
140 0.429984
142 0.430578
144 0.429235
146 0.427384
148 0.425434
150 0.425589
152 0.424182
154 0.424343
156 0.425531
158 0.428216
160 0.430361
162 0.433884
164 0.43762
166 0.440847
168 0.442737
170 0.444072
172 0.444318
174 0.440527
176 0.437665
178 0.435915
180 0.435498
182 0.435844
184 0.43527
186 0.436643
188 0.439241
190 0.43941
