-192 0.400962
-190 0.398582
-188 0.397563
-186 0.394602
-184 0.392867
-182 0.392327
-180 0.391101
-178 0.390447
-176 0.392481
-174 0.39484
-172 0.398429
-170 0.398194
-168 0.397313
-166 0.396475
-164 0.393861
-162 0.391364
-160 0.38847
-158 0.387023
-156 0.384272
-154 0.382252
-152 0.382077
-150 0.382074
-148 0.381027
-146 0.380788
-144 0.381232
-142 0.382001
-140 0.381169
-138 0.378822
-136 0.375918
-134 0.37419
-132 0.37443
-130 0.374235
-128 0.375199
-126 0.373252
-124 0.370564
-122 0.367783
-120 0.364704
-118 0.363332
-116 0.355794
-114 0.346697
-112 0.34163
-110 0.337104
-108 0.336417
-106 0.334801
-104 0.334114
-102 0.333169
-100 0.329065
-98 0.325744
-96 0.322827
-94 0.32125
-92 0.316644
-90 0.313232
-88 0.309442
-86 0.305784
-84 0.302291
-82 0.298576
-80 0.294236
-78 0.291817
-76 0.289151
-74 0.288574
-72 0.286865
-70 0.286778
-68 0.287804
-66 0.290182
-64 0.291958
-62 0.292047
-60 0.295193
-58 0.299239
-56 0.304472
-54 0.31129
-52 0.318117
-50 0.325495
-48 0.334481
-46 0.340228
-44 0.346069
-42 0.351247
-40 0.356254
-38 0.363423
-36 0.37052
-34 0.378129
-32 0.38483
-30 0.389388
-28 0.393082
-26 0.399554
-24 0.409568
-22 0.421844
-20 0.434976
-18 0.450735
-16 0.471667
-14 0.480775
-12 0.490294
-10 0.501848
-8 0.516476
-6 0.533176
-4 0.551715
-2 0.575752
0 0.645804
2 0.578239
4 0.54929
6 0.528469
8 0.50864
10 0.490984
12 0.474751
14 0.457654
16 0.443029
18 0.428944
20 0.418232
22 0.408392
24 0.396598
26 0.387227
28 0.378437
30 0.373206
32 0.367232
34 0.35924
36 0.35117
38 0.342929
40 0.336499
42 0.332194
44 0.329895
46 0.32574
48 0.319759
50 0.310396
52 0.302343
54 0.295005
56 0.289278
58 0.284862
60 0.282551
62 0.281831
64 0.27917
66 0.27838
68 0.277384
70 0.276285
72 0.275572
74 0.277252
76 0.279086
78 0.282317
80 0.28615
82 0.29013
84 0.293849
86 0.298644
88 0.302606
90 0.307825
92 0.31389
94 0.31912
96 0.322529
98 0.324657
100 0.329228
102 0.333029
104 0.334413
106 0.33519
108 0.336599
110 0.336551
112 0.341102
114 0.346464
116 0.354966
118 0.362073
120 0.364073
122 0.36746
124 0.369942
126 0.37318
128 0.375394
130 0.373418
132 0.372796
134 0.37296
136 0.372484
138 0.374168
140 0.37621
142 0.377206
144 0.375983
146 0.375285
148 0.375217
150 0.376324
152 0.375532
154 0.376978
156 0.378978
158 0.382377
160 0.384599
162 0.388856
164 0.392695
166 0.39561
168 0.397661
170 0.399288
172 0.399168
174 0.396037
176 0.39399
178 0.39202
180 0.39141
182 0.391441
184 0.391271
186 0.393031
188 0.395594
190 0.395926
