-192 0.401739
-190 0.399451
-188 0.398317
-186 0.395293
-184 0.393622
-182 0.393224
-180 0.391555
-178 0.391291
-176 0.393267
-174 0.396112
-172 0.40007
-170 0.40032
-168 0.398181
-166 0.39644
-164 0.393126
-162 0.389088
-160 0.385228
-158 0.383974
-156 0.382157
-154 0.381655
-152 0.382134
-150 0.381861
-148 0.380876
-146 0.380964
-144 0.381584
-142 0.383065
-140 0.382074
-138 0.380282
-136 0.377382
-134 0.375448
-132 0.375532
-130 0.375377
-128 0.376042
-126 0.3745
-124 0.371803
-122 0.36916
-120 0.366325
-118 0.364514
-116 0.356364
-114 0.346989
-112 0.341631
-110 0.336214
-108 0.33621
-106 0.333941
-104 0.333077
-102 0.332346
-100 0.328337
-98 0.324608
-96 0.322294
-94 0.321311
-92 0.31699
-90 0.31275
-88 0.308006
-86 0.304028
-84 0.300205
-82 0.296022
-80 0.293147
-78 0.291355
-76 0.289286
-74 0.288519
-72 0.287453
-70 0.288813
-68 0.291282
-66 0.292155
-64 0.292205
-62 0.293676
-60 0.297463
-58 0.30093
-56 0.305919
-54 0.311733
-52 0.31979
-50 0.326654
-48 0.33574
-46 0.341765
-44 0.347841
-42 0.353681
-40 0.35952
-38 0.367412
-36 0.375047
-34 0.381108
-32 0.387876
-30 0.393434
-28 0.398949
-26 0.408518
-24 0.417516
-22 0.429101
-20 0.443718
-18 0.459834
-16 0.478348
-14 0.496866
-12 0.515574
-10 0.537089
-8 0.567732
-6 0.58637
-4 0.606632
-2 0.639752
0 0.717331
2 0.635355
4 0.599273
6 0.570942
8 0.545508
10 0.521965
12 0.501296
14 0.482169
16 0.465213
18 0.448359
20 0.43373
22 0.420632
24 0.409401
26 0.40011
28 0.390418
30 0.383217
32 0.376859
34 0.36982
36 0.362752
38 0.355307
40 0.348231
42 0.342618
44 0.337427
46 0.332154
48 0.325978
50 0.317519
52 0.309565
54 0.301476
56 0.295688
58 0.290751
60 0.287624
62 0.286201
64 0.283787
66 0.28298
68 0.281626
70 0.280209
72 0.279281
74 0.280402
76 0.281464
78 0.284121
80 0.286966
82 0.290176
84 0.295203
86 0.299735
88 0.303392
90 0.308456
92 0.312941
94 0.317914
96 0.320792
98 0.323368
100 0.327428
102 0.331574
104 0.333679
106 0.334645
108 0.335528
110 0.335292
112 0.34086
114 0.346481
116 0.355414
118 0.363222
120 0.364894
122 0.368204
124 0.371032
126 0.374325
128 0.376059
130 0.374976
132 0.375008
134 0.375
136 0.376234
138 0.377617
140 0.37839
142 0.378477
144 0.376413
146 0.375202
148 0.375101
150 0.376022
152 0.376321
154 0.377238
156 0.379057
158 0.381963
160 0.384125
162 0.388523
164 0.392604
166 0.395076
168 0.397569
170 0.399376
172 0.400083
174 0.396766
176 0.393699
178 0.391295
180 0.391602
182 0.391444
184 0.391481
186 0.393338
188 0.395597
190 0.395751
