-192 0.663346
-190 0.661635
-188 0.6606
-186 0.658654
-184 0.657094
-182 0.656657
-180 0.655802
-178 0.655193
-176 0.654809
-174 0.654371
-172 0.654185
-170 0.65304
-168 0.651395
-166 0.64964
-164 0.64745
-162 0.645028
-160 0.642231
-158 0.640079
-156 0.637429
-154 0.635164
-152 0.632996
-150 0.632273
-148 0.631011
-146 0.629382
-144 0.628012
-142 0.627006
-140 0.624859
-138 0.622687
-136 0.620853
-134 0.619627
-132 0.618091
-130 0.616966
-128 0.616155
-126 0.613757
-124 0.610537
-122 0.607847
-120 0.603766
-118 0.600493
-116 0.595881
-114 0.590982
-112 0.58712
-110 0.583214
-108 0.581115
-106 0.578479
-104 0.576168
-102 0.573586
-100 0.56989
-98 0.56539
-96 0.562025
-94 0.557918
-92 0.552782
-90 0.547162
-88 0.541847
-86 0.537159
-84 0.531868
-82 0.526877
-80 0.521497
-78 0.516404
-76 0.51162
-74 0.507609
-72 0.504067
-70 0.502073
-68 0.50005
-66 0.498282
-64 0.496595
-62 0.495837
-60 0.49396
-58 0.493231
-56 0.493861
-54 0.49554
-52 0.498515
-50 0.501874
-48 0.506065
-46 0.508098
-44 0.509108
-42 0.508261
-40 0.508739
-38 0.511091
-36 0.515012
-34 0.518723
-32 0.522206
-30 0.524395
-28 0.526389
-26 0.530586
-24 0.535857
-22 0.543232
-20 0.54961
-18 0.556637
-16 0.566088
-14 0.576124
-12 0.587927
-10 0.599085
-8 0.61062
-6 0.623645
-4 0.637727
-2 0.651047
0 0.691767
2 0.649951
4 0.641979
6 0.630383
8 0.620353
10 0.611584
12 0.60543
14 0.600553
16 0.595382
18 0.580959
20 0.569765
22 0.560745
24 0.55264
26 0.546335
28 0.543396
30 0.542287
32 0.540785
34 0.537839
36 0.534016
38 0.530665
40 0.527531
42 0.526174
44 0.524554
46 0.521957
48 0.519534
50 0.51515
52 0.511953
54 0.50926
56 0.506498
58 0.505019
60 0.504354
62 0.504335
64 0.506338
66 0.50713
68 0.507665
70 0.5093
72 0.511461
74 0.51478
76 0.517663
78 0.522159
80 0.526592
82 0.532262
84 0.536942
86 0.5414
88 0.545829
90 0.550204
92 0.554337
94 0.559209
96 0.562339
98 0.566147
100 0.570055
102 0.573991
104 0.576326
106 0.57871
108 0.581371
110 0.583733
112 0.587664
114 0.591529
116 0.596709
118 0.601501
120 0.604602
122 0.608648
124 0.611609
126 0.614686
128 0.617037
130 0.618404
132 0.62004
134 0.621509
136 0.624119
138 0.626594
140 0.628937
142 0.630837
144 0.632002
146 0.63342
148 0.634935
150 0.636043
152 0.637238
154 0.638509
156 0.640542
158 0.642661
160 0.644305
162 0.646211
164 0.647808
166 0.649703
168 0.650914
170 0.652209
172 0.653586
174 0.653643
176 0.653891
178 0.654083
180 0.655273
182 0.656697
184 0.657502
186 0.658975
188 0.661104
190 0.662412
