-192 0.662324
-190 0.660586
-188 0.659637
-186 0.657783
-184 0.65614
-182 0.655506
-180 0.654724
-178 0.653642
-176 0.653515
-174 0.653466
-172 0.653282
-170 0.651697
-168 0.649981
-166 0.647881
-164 0.645875
-162 0.643291
-160 0.640427
-158 0.638223
-156 0.63571
-154 0.633514
-152 0.631592
-150 0.630155
-148 0.628957
-146 0.627367
-144 0.626347
-142 0.625833
-140 0.62434
-138 0.622975
-136 0.621312
-134 0.619059
-132 0.617449
-130 0.615809
-128 0.614362
-126 0.61201
-124 0.608522
-122 0.605512
-120 0.601415
-118 0.598222
-116 0.593124
-114 0.587935
-112 0.583829
-110 0.579314
-108 0.577305
-106 0.574854
-104 0.572304
-102 0.569125
-100 0.565117
-98 0.560762
-96 0.55702
-94 0.552998
-92 0.547868
-90 0.543003
-88 0.537624
-86 0.532826
-84 0.527314
-82 0.521305
-80 0.516304
-78 0.511778
-76 0.507223
-74 0.503859
-72 0.500524
-70 0.498695
-68 0.496914
-66 0.495271
-64 0.493384
-62 0.492338
-60 0.490918
-58 0.490515
-56 0.491301
-54 0.492872
-52 0.496188
-50 0.499447
-48 0.50317
-46 0.505531
-44 0.507392
-42 0.508721
-40 0.510264
-38 0.512982
-36 0.516375
-34 0.519364
-32 0.521966
-30 0.524289
-28 0.52788
-26 0.53314
-24 0.53845
-22 0.545463
-20 0.554506
-18 0.564715
-16 0.576888
-14 0.589528
-12 0.604036
-10 0.620047
-8 0.638149
-6 0.657554
-4 0.680147
-2 0.70191
0 0.758995
2 0.70763
4 0.689949
6 0.675033
8 0.661086
10 0.63682
12 0.619783
14 0.605511
16 0.591561
18 0.577798
20 0.56582
22 0.555432
24 0.547855
26 0.542281
28 0.537052
30 0.534728
32 0.532762
34 0.530028
36 0.527624
38 0.524093
40 0.520637
42 0.518748
44 0.516809
46 0.514206
48 0.511689
50 0.5074
52 0.504764
54 0.501363
56 0.49947
58 0.498388
60 0.498375
62 0.498173
64 0.499377
66 0.501439
68 0.503258
70 0.504302
72 0.505732
74 0.508832
76 0.512035
78 0.516374
80 0.52038
82 0.525211
84 0.530505
86 0.535304
88 0.540089
90 0.545255
92 0.550037
94 0.554785
96 0.557649
98 0.561237
100 0.565546
102 0.569621
104 0.572091
106 0.574667
108 0.577763
110 0.579813
112 0.584284
114 0.588333
116 0.593873
118 0.599081
120 0.602331
122 0.60625
124 0.609238
126 0.612327
128 0.6145
130 0.616062
132 0.617766
134 0.619497
136 0.622171
138 0.624704
140 0.626749
142 0.628822
144 0.629753
146 0.631068
148 0.632455
150 0.633552
152 0.634838
154 0.635782
156 0.637012
158 0.638682
160 0.640211
162 0.642837
164 0.645431
166 0.647965
168 0.649826
170 0.651868
172 0.653017
174 0.652843
176 0.652906
178 0.653178
180 0.654178
182 0.65583
184 0.656655
186 0.65827
188 0.660532
190 0.661952
