-192 0.669852
-190 0.668149
-188 0.667053
-186 0.664847
-184 0.663287
-182 0.662898
-180 0.661747
-178 0.660951
-176 0.660492
-174 0.660411
-172 0.660473
-170 0.65906
-168 0.657444
-166 0.655502
-164 0.652967
-162 0.650394
-160 0.647778
-158 0.645497
-156 0.643011
-154 0.641065
-152 0.639551
-150 0.638992
-148 0.638336
-146 0.637864
-144 0.637142
-142 0.636239
-140 0.634381
-138 0.632628
-136 0.630399
-134 0.628043
-132 0.626181
-130 0.624617
-128 0.622975
-126 0.620717
-124 0.617455
-122 0.614282
-120 0.610327
-118 0.606769
-116 0.601994
-114 0.597168
-112 0.592595
-110 0.587822
-108 0.585409
-106 0.582995
-104 0.580232
-102 0.57755
-100 0.573872
-98 0.569286
-96 0.565752
-94 0.562347
-92 0.557284
-90 0.552286
-88 0.547087
-86 0.54273
-84 0.538025
-82 0.533171
-80 0.528016
-78 0.523237
-76 0.518788
-74 0.515749
-72 0.512666
-70 0.511101
-68 0.509888
-66 0.508987
-64 0.506989
-62 0.506333
-60 0.50639
-58 0.505775
-56 0.506389
-54 0.50865
-52 0.512445
-50 0.516528
-48 0.520858
-46 0.52438
-44 0.527087
-42 0.528788
-40 0.53127
-38 0.535054
-36 0.539759
-34 0.543567
-32 0.546713
-30 0.548797
-28 0.55235
-26 0.558923
-24 0.567007
-22 0.576822
-20 0.587445
-18 0.599699
-16 0.615199
-14 0.630951
-12 0.649657
-10 0.670549
-8 0.697114
-6 0.729476
-4 0.765281
-2 0.809246
0 0.999997
2 0.809246
4 0.765281
6 0.729476
8 0.697114
10 0.670549
12 0.649657
14 0.630951
16 0.615199
18 0.599699
20 0.587445
22 0.576822
24 0.567007
26 0.558923
28 0.55235
30 0.548797
32 0.546713
34 0.543567
36 0.539759
38 0.535054
40 0.53127
42 0.528788
44 0.527087
46 0.52438
48 0.520858
50 0.516528
52 0.512445
54 0.50865
56 0.506389
58 0.505775
60 0.50639
62 0.506333
64 0.506989
66 0.508987
68 0.509888
70 0.511101
72 0.512666
74 0.515749
76 0.518788
78 0.523237
80 0.528016
82 0.533171
84 0.538025
86 0.54273
88 0.547087
90 0.552286
92 0.557284
94 0.562347
96 0.565752
98 0.569286
100 0.573872
102 0.57755
104 0.580232
106 0.582995
108 0.585409
110 0.587822
112 0.592595
114 0.597168
116 0.601994
118 0.606769
120 0.610327
122 0.614282
124 0.617455
126 0.620717
128 0.622975
130 0.624617
132 0.626181
134 0.628043
136 0.630399
138 0.632628
140 0.634381
142 0.636239
144 0.637142
146 0.637864
148 0.638336
150 0.638992
152 0.639551
154 0.641065
156 0.643011
158 0.645497
160 0.647778
162 0.650394
164 0.652967
166 0.655502
168 0.657444
170 0.65906
172 0.660473
174 0.660411
176 0.660492
178 0.660951
180 0.661747
182 0.662898
184 0.663287
186 0.664847
188 0.667053
190 0.668149
