-192 0.664114
-190 0.662412
-188 0.661104
-186 0.658975
-184 0.657502
-182 0.656697
-180 0.655273
-178 0.654083
-176 0.653891
-174 0.653643
-172 0.653586
-170 0.652209
-168 0.650914
-166 0.649703
-164 0.647808
-162 0.646211
-160 0.644305
-158 0.642661
-156 0.640542
-154 0.638509
-152 0.637238
-150 0.636043
-148 0.634935
-146 0.63342
-144 0.632002
-142 0.630837
-140 0.628937
-138 0.626594
-136 0.624119
-134 0.621509
-132 0.62004
-130 0.618404
-128 0.617037
-126 0.614686
-124 0.611609
-122 0.608648
-120 0.604602
-118 0.601501
-116 0.596709
-114 0.591529
-112 0.587664
-110 0.583733
-108 0.581371
-106 0.57871
-104 0.576326
-102 0.573991
-100 0.570055
-98 0.566147
-96 0.562339
-94 0.559209
-92 0.554337
-90 0.550204
-88 0.545829
-86 0.5414
-84 0.536942
-82 0.532262
-80 0.526592
-78 0.522159
-76 0.517663
-74 0.51478
-72 0.511461
-70 0.5093
-68 0.507665
-66 0.50713
-64 0.506338
-62 0.504335
-60 0.504354
-58 0.505019
-56 0.506498
-54 0.50926
-52 0.511953
-50 0.51515
-48 0.519534
-46 0.521957
-44 0.524554
-42 0.526174
-40 0.527531
-38 0.530665
-36 0.534016
-34 0.537839
-32 0.540785
-30 0.542287
-28 0.543396
-26 0.546335
-24 0.55264
-22 0.560745
-20 0.569765
-18 0.580959
-16 0.595382
-14 0.600553
-12 0.60543
-10 0.611584
-8 0.620353
-6 0.630383
-4 0.641979
-2 0.649951
0 0.691767
2 0.651047
4 0.637727
6 0.623645
8 0.61062
10 0.599085
12 0.587927
14 0.576124
16 0.566088
18 0.556637
20 0.54961
22 0.543232
24 0.535857
26 0.530586
28 0.526389
30 0.524395
32 0.522206
34 0.518723
36 0.515012
38 0.511091
40 0.508739
42 0.508261
44 0.509108
46 0.508098
48 0.506065
50 0.501874
52 0.498515
54 0.49554
56 0.493861
58 0.493231
60 0.49396
62 0.495837
64 0.496595
66 0.498282
68 0.50005
70 0.502073
72 0.504067
74 0.507609
76 0.51162
78 0.516404
80 0.521497
82 0.526877
84 0.531868
86 0.537159
88 0.541847
90 0.547162
92 0.552782
94 0.557918
96 0.562025
98 0.56539
100 0.56989
102 0.573586
104 0.576168
106 0.578479
108 0.581115
110 0.583214
112 0.58712
114 0.590982
116 0.595881
118 0.600493
120 0.603766
122 0.607847
124 0.610537
126 0.613757
128 0.616155
130 0.616966
132 0.618091
134 0.619627
136 0.620853
138 0.622687
140 0.624859
142 0.627006
144 0.628012
146 0.629382
148 0.631011
150 0.632273
152 0.632996
154 0.635164
156 0.637429
158 0.640079
160 0.642231
162 0.645028
164 0.64745
166 0.64964
168 0.651395
170 0.65304
172 0.654185
174 0.654371
176 0.654809
178 0.655193
180 0.655802
182 0.656657
184 0.657094
186 0.658654
188 0.6606
190 0.661635
