-192 0.66356
-190 0.661952
-188 0.660532
-186 0.65827
-184 0.656655
-182 0.65583
-180 0.654178
-178 0.653178
-176 0.652906
-174 0.652843
-172 0.653017
-170 0.651868
-168 0.649826
-166 0.647965
-164 0.645431
-162 0.642837
-160 0.640211
-158 0.638682
-156 0.637012
-154 0.635782
-152 0.634838
-150 0.633552
-148 0.632455
-146 0.631068
-144 0.629753
-142 0.628822
-140 0.626749
-138 0.624704
-136 0.622171
-134 0.619497
-132 0.617766
-130 0.616062
-128 0.6145
-126 0.612327
-124 0.609238
-122 0.60625
-120 0.602331
-118 0.599081
-116 0.593873
-114 0.588333
-112 0.584284
-110 0.579813
-108 0.577763
-106 0.574667
-104 0.572091
-102 0.569621
-100 0.565546
-98 0.561237
-96 0.557649
-94 0.554785
-92 0.550037
-90 0.545255
-88 0.540089
-86 0.535304
-84 0.530505
-82 0.525211
-80 0.52038
-78 0.516374
-76 0.512035
-74 0.508832
-72 0.505732
-70 0.504302
-68 0.503258
-66 0.501439
-64 0.499377
-62 0.498173
-60 0.498375
-58 0.498388
-56 0.49947
-54 0.501363
-52 0.504764
-50 0.5074
-48 0.511689
-46 0.514206
-44 0.516809
-42 0.518748
-40 0.520637
-38 0.524093
-36 0.527624
-34 0.530028
-32 0.532762
-30 0.534728
-28 0.537052
-26 0.542281
-24 0.547855
-22 0.555432
-20 0.56582
-18 0.577798
-16 0.591561
-14 0.605511
-12 0.619783
-10 0.63682
-8 0.661086
-6 0.675033
-4 0.689949
-2 0.70763
0 0.758995
2 0.70191
4 0.680147
6 0.657554
8 0.638149
10 0.620047
12 0.604036
14 0.589528
16 0.576888
18 0.564715
20 0.554506
22 0.545463
24 0.53845
26 0.53314
28 0.52788
30 0.524289
32 0.521966
34 0.519364
36 0.516375
38 0.512982
40 0.510264
42 0.508721
44 0.507392
46 0.505531
48 0.50317
50 0.499447
52 0.496188
54 0.492872
56 0.491301
58 0.490515
60 0.490918
62 0.492338
64 0.493384
66 0.495271
68 0.496914
70 0.498695
72 0.500524
74 0.503859
76 0.507223
78 0.511778
80 0.516304
82 0.521305
84 0.527314
86 0.532826
88 0.537624
90 0.543003
92 0.547868
94 0.552998
96 0.55702
98 0.560762
100 0.565117
102 0.569125
104 0.572304
106 0.574854
108 0.577305
110 0.579314
112 0.583829
114 0.587935
116 0.593124
118 0.598222
120 0.601415
122 0.605512
124 0.608522
126 0.61201
128 0.614362
130 0.615809
132 0.617449
134 0.619059
136 0.621312
138 0.622975
140 0.62434
142 0.625833
144 0.626347
146 0.627367
148 0.628957
150 0.630155
152 0.631592
154 0.633514
156 0.63571
158 0.638223
160 0.640427
162 0.643291
164 0.645875
166 0.647881
168 0.649981
170 0.651697
172 0.653282
174 0.653466
176 0.653515
178 0.653642
180 0.654724
182 0.655506
184 0.65614
186 0.657783
188 0.659637
190 0.660586
