-192 0.895212
-190 0.892857
-188 0.890629
-186 0.88868
-184 0.886986
-182 0.885541
-180 0.883951
-178 0.882552
-176 0.881452
-174 0.880619
-172 0.87969
-170 0.878871
-168 0.878171
-166 0.877424
-164 0.876685
-162 0.875953
-160 0.875022
-158 0.874153
-156 0.873435
-154 0.872613
-152 0.871721
-150 0.871299
-148 0.870675
-146 0.869253
-144 0.867952
-142 0.86722
-140 0.866205
-138 0.865294
-136 0.864523
-134 0.863595
-132 0.862682
-130 0.862081
-128 0.861382
-126 0.860971
-124 0.86038
-122 0.859639
-120 0.857457
-118 0.855817
-116 0.855244
-114 0.854159
-112 0.85194
-110 0.849378
-108 0.846656
-106 0.844745
-104 0.843531
-102 0.842429
-100 0.840789
-98 0.838135
-96 0.8352
-94 0.832727
-92 0.830469
-90 0.828402
-88 0.82639
-86 0.824561
-84 0.822376
-82 0.820234
-80 0.817507
-78 0.814295
-76 0.81047
-74 0.806296
-72 0.802079
-70 0.797907
-68 0.793278
-66 0.78857
-64 0.783622
-62 0.778595
-60 0.77326
-58 0.768183
-56 0.763563
-54 0.759132
-52 0.754897
-50 0.750155
-48 0.745235
-46 0.739691
-44 0.734231
-42 0.728111
-40 0.722747
-38 0.718278
-36 0.714633
-34 0.710445
-32 0.705541
-30 0.700579
-28 0.696577
-26 0.693018
-24 0.689287
-22 0.687237
-20 0.685308
-18 0.682811
-16 0.68082
-14 0.679943
-12 0.680024
-10 0.681197
-8 0.681619
-6 0.682501
-4 0.687767
-2 0.713153
0 0.750321
2 0.724581
4 0.715768
6 0.722322
8 0.73127
10 0.739729
12 0.747192
14 0.753803
16 0.75777
18 0.756981
20 0.755977
22 0.755049
24 0.754341
26 0.754416
28 0.755729
30 0.757387
32 0.759651
34 0.76197
36 0.763615
38 0.764884
40 0.76673
42 0.769463
44 0.771918
46 0.773909
48 0.776239
50 0.77789
52 0.779678
54 0.781495
56 0.783398
58 0.785874
60 0.788858
62 0.792136
64 0.795977
66 0.799286
68 0.802316
70 0.805688
72 0.80896
74 0.812293
76 0.815085
78 0.81817
80 0.820705
82 0.822985
84 0.824742
86 0.826421
88 0.828229
90 0.830156
92 0.832038
94 0.834284
96 0.836792
98 0.840135
100 0.842926
102 0.844764
104 0.845871
106 0.847204
108 0.849148
110 0.851962
112 0.854715
114 0.857265
116 0.85883
118 0.85963
120 0.86138
122 0.86373
124 0.864575
126 0.865304
128 0.866037
130 0.867099
132 0.868018
134 0.869194
136 0.870656
138 0.871531
140 0.872384
142 0.873251
144 0.87391
146 0.874938
148 0.875909
150 0.876152
152 0.876496
154 0.876876
156 0.877427
158 0.877934
160 0.878419
162 0.878755
164 0.878898
166 0.879335
168 0.879822
170 0.880483
172 0.881327
174 0.8822
176 0.88295
178 0.883955
180 0.88538
182 0.887008
184 0.88845
186 0.88992
188 0.891656
190 0.893748
