-192 0.8951
-190 0.892761
-188 0.890569
-186 0.888655
-184 0.88693
-182 0.885358
-180 0.883704
-178 0.88213
-176 0.880992
-174 0.880233
-172 0.879364
-170 0.878496
-168 0.877761
-166 0.87694
-164 0.876154
-162 0.875369
-160 0.874431
-158 0.87355
-156 0.872839
-154 0.872053
-152 0.871178
-150 0.870535
-148 0.869963
-146 0.868676
-144 0.867604
-142 0.86715
-140 0.86649
-138 0.866
-136 0.865444
-134 0.864239
-132 0.863144
-130 0.86229
-128 0.861241
-126 0.860665
-124 0.859929
-122 0.859035
-120 0.856737
-118 0.855125
-116 0.854416
-114 0.853261
-112 0.851019
-110 0.848339
-108 0.845629
-106 0.843619
-104 0.842206
-102 0.840872
-100 0.839098
-98 0.836341
-96 0.833125
-94 0.830485
-92 0.828048
-90 0.82573
-88 0.823306
-86 0.821054
-84 0.818354
-82 0.815543
-80 0.812882
-78 0.809892
-76 0.806189
-74 0.802189
-72 0.797795
-70 0.793389
-68 0.788554
-66 0.783685
-64 0.778565
-62 0.773291
-60 0.767874
-58 0.762655
-56 0.757897
-54 0.753528
-52 0.749669
-50 0.745238
-48 0.740638
-46 0.735629
-44 0.730899
-42 0.726148
-40 0.721464
-38 0.717249
-36 0.713627
-34 0.709621
-32 0.705273
-30 0.701211
-28 0.698585
-26 0.696004
-24 0.692151
-22 0.68937
-20 0.687494
-18 0.68552
-16 0.684484
-14 0.684733
-12 0.685901
-10 0.688776
-8 0.692006
-6 0.696477
-4 0.706809
-2 0.741858
0 0.798388
2 0.761123
4 0.742
6 0.743249
8 0.744785
10 0.739391
12 0.735589
14 0.732866
16 0.730124
18 0.728601
20 0.727677
22 0.727156
24 0.727815
26 0.729517
28 0.731207
30 0.733389
32 0.736553
34 0.740009
36 0.742947
38 0.745072
40 0.747627
42 0.750661
44 0.75351
46 0.756284
48 0.759463
50 0.762139
52 0.765074
54 0.767636
56 0.770475
58 0.773707
60 0.77765
62 0.781666
64 0.785915
66 0.790258
68 0.794453
70 0.798439
72 0.802255
74 0.806183
76 0.809615
78 0.813128
80 0.815984
82 0.818423
84 0.820555
86 0.822488
88 0.824537
90 0.826673
92 0.828846
94 0.831217
96 0.833787
98 0.837197
100 0.840296
102 0.84244
104 0.843777
106 0.845298
108 0.84733
110 0.85002
112 0.852826
114 0.855323
116 0.85683
118 0.857674
120 0.859431
122 0.861819
124 0.862762
126 0.863443
128 0.864027
130 0.865088
132 0.865993
134 0.867229
136 0.868591
138 0.869422
140 0.870187
142 0.871093
144 0.871677
146 0.872722
148 0.873672
150 0.873881
152 0.874129
154 0.874347
156 0.874593
158 0.874942
160 0.875552
162 0.876386
164 0.877194
166 0.878163
168 0.879058
170 0.879984
172 0.88077
174 0.881553
176 0.882246
178 0.883334
180 0.884735
182 0.886448
184 0.887962
186 0.889583
188 0.891465
190 0.893673
