-192 0.89614
-190 0.893797
-188 0.89158
-186 0.889656
-184 0.888053
-182 0.88659
-180 0.884914
-178 0.88347
-176 0.88228
-174 0.881545
-172 0.880776
-170 0.880007
-168 0.879293
-166 0.878429
-164 0.877449
-162 0.876628
-160 0.875738
-158 0.874746
-156 0.873918
-154 0.873223
-152 0.872598
-150 0.872417
-148 0.872319
-146 0.871631
-144 0.870849
-142 0.87039
-140 0.869574
-138 0.868876
-136 0.868022
-134 0.866656
-132 0.865427
-130 0.864522
-128 0.863391
-126 0.862762
-124 0.861981
-122 0.860931
-120 0.858609
-118 0.856903
-116 0.856269
-114 0.855109
-112 0.852657
-110 0.849855
-108 0.847092
-106 0.845229
-104 0.843876
-102 0.842667
-100 0.84081
-98 0.837732
-96 0.834282
-94 0.831499
-92 0.828863
-90 0.826434
-88 0.824078
-86 0.822018
-84 0.81979
-82 0.817535
-80 0.814817
-78 0.811681
-76 0.808072
-74 0.804336
-72 0.800026
-70 0.795705
-68 0.791145
-66 0.786676
-64 0.781659
-62 0.776692
-60 0.77181
-58 0.766934
-56 0.762806
-54 0.759403
-52 0.756417
-50 0.753119
-48 0.749444
-46 0.745494
-44 0.741672
-42 0.737482
-40 0.73368
-38 0.730688
-36 0.728655
-34 0.725868
-32 0.722031
-30 0.717786
-28 0.714727
-26 0.712501
-24 0.710504
-22 0.710109
-20 0.710668
-18 0.711876
-16 0.714329
-14 0.718123
-12 0.723141
-10 0.73085
-8 0.742122
-6 0.758091
-4 0.782382
-2 0.843798
0 0.999997
2 0.843798
4 0.782382
6 0.758091
8 0.742122
10 0.73085
12 0.723141
14 0.718123
16 0.714329
18 0.711876
20 0.710668
22 0.710109
24 0.710504
26 0.712501
28 0.714727
30 0.717786
32 0.722031
34 0.725868
36 0.728655
38 0.730688
40 0.73368
42 0.737482
44 0.741672
46 0.745494
48 0.749444
50 0.753119
52 0.756417
54 0.759403
56 0.762806
58 0.766934
60 0.77181
62 0.776692
64 0.781659
66 0.786676
68 0.791145
70 0.795705
72 0.800026
74 0.804336
76 0.808072
78 0.811681
80 0.814817
82 0.817535
84 0.81979
86 0.822018
88 0.824078
90 0.826434
92 0.828863
94 0.831499
96 0.834282
98 0.837732
100 0.84081
102 0.842667
104 0.843876
106 0.845229
108 0.847092
110 0.849855
112 0.852657
114 0.855109
116 0.856269
118 0.856903
120 0.858609
122 0.860931
124 0.861981
126 0.862762
128 0.863391
130 0.864522
132 0.865427
134 0.866656
136 0.868022
138 0.868876
140 0.869574
142 0.87039
144 0.870849
146 0.871631
148 0.872319
150 0.872417
152 0.872598
154 0.873223
156 0.873918
158 0.874746
160 0.875738
162 0.876628
164 0.877449
166 0.878429
168 0.879293
170 0.880007
172 0.880776
174 0.881545
176 0.88228
178 0.88347
180 0.884914
182 0.88659
184 0.888053
186 0.889656
188 0.89158
190 0.893797
