-192 0.895919
-190 0.893748
-188 0.891656
-186 0.88992
-184 0.88845
-182 0.887008
-180 0.88538
-178 0.883955
-176 0.88295
-174 0.8822
-172 0.881327
-170 0.880483
-168 0.879822
-166 0.879335
-164 0.878898
-162 0.878755
-160 0.878419
-158 0.877934
-156 0.877427
-154 0.876876
-152 0.876496
-150 0.876152
-148 0.875909
-146 0.874938
-144 0.87391
-142 0.873251
-140 0.872384
-138 0.871531
-136 0.870656
-134 0.869194
-132 0.868018
-130 0.867099
-128 0.866037
-126 0.865304
-124 0.864575
-122 0.86373
-120 0.86138
-118 0.85963
-116 0.85883
-114 0.857265
-112 0.854715
-110 0.851962
-108 0.849148
-106 0.847204
-104 0.845871
-102 0.844764
-100 0.842926
-98 0.840135
-96 0.836792
-94 0.834284
-92 0.832038
-90 0.830156
-88 0.828229
-86 0.826421
-84 0.824742
-82 0.822985
-80 0.820705
-78 0.81817
-76 0.815085
-74 0.812293
-72 0.80896
-70 0.805688
-68 0.802316
-66 0.799286
-64 0.795977
-62 0.792136
-60 0.788858
-58 0.785874
-56 0.783398
-54 0.781495
-52 0.779678
-50 0.77789
-48 0.776239
-46 0.773909
-44 0.771918
-42 0.769463
-40 0.76673
-38 0.764884
-36 0.763615
-34 0.76197
-32 0.759651
-30 0.757387
-28 0.755729
-26 0.754416
-24 0.754341
-22 0.755049
-20 0.755977
-18 0.756981
-16 0.75777
-14 0.753803
-12 0.747192
-10 0.739729
-8 0.73127
-6 0.722322
-4 0.715768
-2 0.724581
0 0.750321
2 0.713153
4 0.687767
6 0.682501
8 0.681619
10 0.681197
12 0.680024
14 0.679943
16 0.68082
18 0.682811
20 0.685308
22 0.687237
24 0.689287
26 0.693018
28 0.696577
30 0.700579
32 0.705541
34 0.710445
36 0.714633
38 0.718278
40 0.722747
42 0.728111
44 0.734231
46 0.739691
48 0.745235
50 0.750155
52 0.754897
54 0.759132
56 0.763563
58 0.768183
60 0.77326
62 0.778595
64 0.783622
66 0.78857
68 0.793278
70 0.797907
72 0.802079
74 0.806296
76 0.81047
78 0.814295
80 0.817507
82 0.820234
84 0.822376
86 0.824561
88 0.82639
90 0.828402
92 0.830469
94 0.832727
96 0.8352
98 0.838135
100 0.840789
102 0.842429
104 0.843531
106 0.844745
108 0.846656
110 0.849378
112 0.85194
114 0.854159
116 0.855244
118 0.855817
120 0.857457
122 0.859639
124 0.86038
126 0.860971
128 0.861382
130 0.862081
132 0.862682
134 0.863595
136 0.864523
138 0.865294
140 0.866205
142 0.86722
144 0.867952
146 0.869253
148 0.870675
150 0.871299
152 0.871721
154 0.872613
156 0.873435
158 0.874153
160 0.875022
162 0.875953
164 0.876685
166 0.877424
168 0.878171
170 0.878871
172 0.87969
174 0.880619
176 0.881452
178 0.882552
180 0.883951
182 0.885541
184 0.886986
186 0.88868
188 0.890629
190 0.892857
