-192 0.895891
-190 0.893673
-188 0.891465
-186 0.889583
-184 0.887962
-182 0.886448
-180 0.884735
-178 0.883334
-176 0.882246
-174 0.881553
-172 0.88077
-170 0.879984
-168 0.879058
-166 0.878163
-164 0.877194
-162 0.876386
-160 0.875552
-158 0.874942
-156 0.874593
-154 0.874347
-152 0.874129
-150 0.873881
-148 0.873672
-146 0.872722
-144 0.871677
-142 0.871093
-140 0.870187
-138 0.869422
-136 0.868591
-134 0.867229
-132 0.865993
-130 0.865088
-128 0.864027
-126 0.863443
-124 0.862762
-122 0.861819
-120 0.859431
-118 0.857674
-116 0.85683
-114 0.855323
-112 0.852826
-110 0.85002
-108 0.84733
-106 0.845298
-104 0.843777
-102 0.84244
-100 0.840296
-98 0.837197
-96 0.833787
-94 0.831217
-92 0.828846
-90 0.826673
-88 0.824537
-86 0.822488
-84 0.820555
-82 0.818423
-80 0.815984
-78 0.813128
-76 0.809615
-74 0.806183
-72 0.802255
-70 0.798439
-68 0.794453
-66 0.790258
-64 0.785915
-62 0.781666
-60 0.77765
-58 0.773707
-56 0.770475
-54 0.767636
-52 0.765074
-50 0.762139
-48 0.759463
-46 0.756284
-44 0.75351
-42 0.750661
-40 0.747627
-38 0.745072
-36 0.742947
-34 0.740009
-32 0.736553
-30 0.733389
-28 0.731207
-26 0.729517
-24 0.727815
-22 0.727156
-20 0.727677
-18 0.728601
-16 0.730124
-14 0.732866
-12 0.735589
-10 0.739391
-8 0.744785
-6 0.743249
-4 0.742
-2 0.761123
0 0.798388
2 0.741858
4 0.706809
6 0.696477
8 0.692006
10 0.688776
12 0.685901
14 0.684733
16 0.684484
18 0.68552
20 0.687494
22 0.68937
24 0.692151
26 0.696004
28 0.698585
30 0.701211
32 0.705273
34 0.709621
36 0.713627
38 0.717249
40 0.721464
42 0.726148
44 0.730899
46 0.735629
48 0.740638
50 0.745238
52 0.749669
54 0.753528
56 0.757897
58 0.762655
60 0.767874
62 0.773291
64 0.778565
66 0.783685
68 0.788554
70 0.793389
72 0.797795
74 0.802189
76 0.806189
78 0.809892
80 0.812882
82 0.815543
84 0.818354
86 0.821054
88 0.823306
90 0.82573
92 0.828048
94 0.830485
96 0.833125
98 0.836341
100 0.839098
102 0.840872
104 0.842206
106 0.843619
108 0.845629
110 0.848339
112 0.851019
114 0.853261
116 0.854416
118 0.855125
120 0.856737
122 0.859035
124 0.859929
126 0.860665
128 0.861241
130 0.86229
132 0.863144
134 0.864239
136 0.865444
138 0.866
140 0.86649
142 0.86715
144 0.867604
146 0.868676
148 0.869963
150 0.870535
152 0.871178
154 0.872053
156 0.872839
158 0.87355
160 0.874431
162 0.875369
164 0.876154
166 0.87694
168 0.877761
170 0.878496
172 0.879364
174 0.880233
176 0.880992
178 0.88213
180 0.883704
182 0.885358
184 0.88693
186 0.888655
188 0.890569
190 0.892761
