0 1536
1 0
2 0
3 0
4 0
5 0
6 0
7 0
8 0
9 0
10 0
11 4
12 0
13 12
14 20
15 12
16 104
17 104
18 152
19 156
20 140
21 236
22 220
23 156
24 268
25 380
26 296
27 184
28 240
29 336
30 408
31 256
32 504
33 844
34 696
35 528
36 1284
37 1200
38 508
39 932
40 1444
41 980
42 912
43 728
44 1240
45 720
46 768
47 1240
48 1784
49 1020
50 1008
51 1648
52 1784
53 1332
54 1048
55 1772
56 2100
57 564
58 1644
59 2816
60 2480
61 1300
62 2228
63 3312
64 1968
65 1988
66 3056
67 4540
68 2620
69 2988
70 5864
71 7900
72 4380
73 6024
74 16200
75 20104
76 19068
77 24492
78 43100
79 32764
80 8796
81 26804
82 19068
83 6812
84 7692
85 8188
86 7204
87 2916
88 3740
89 4900
90 4464
91 1544
92 2280
93 3460
94 2616
95 1312
96 2168
97 2608
98 3080
99 3368
100 2176
101 3020
102 1092
103 960
104 1200
105 1276
106 516
107 584
108 992
109 820
110 304
111 548
112 716
113 452
114 232
115 380
116 492
117 264
118 200
119 264
120 308
121 156
122 112
123 220
124 224
125 112
126 160
127 216
128 156
129 116
130 120
131 140
132 136
133 64
134 112
135 112
136 56
137 88
138 96
139 108
140 88
141 72
142 124
143 116
144 60
145 64
146 72
147 88
148 24
149 60
150 112
151 72
152 28
153 72
154 72
155 48
156 20
157 88
158 72
159 84
160 68
161 68
162 92
163 32
164 84
165 108
166 100
167 28
168 80
169 76
170 56
171 24
172 76
173 72
174 104
175 28
176 72
177 116
178 44
179 40
180 60
181 92
182 40
183 108
184 68
185 56
186 12
187 84
188 116
189 80
190 24
191 68
192 124
193 32
194 32
195 76
196 72
197 12
198 52
199 76
200 64
201 16
202 48
203 56
204 36
205 40
206 60
207 60
208 72
209 24
210 36
211 36
212 32
213 72
214 64
215 52
216 24
217 32
218 40
219 64
220 20
221 40
222 60
223 52
224 8
225 44
226 24
227 24
228 20
229 44
230 36
231 16
232 28
233 44
234 48
235 20
236 52
237 40
238 60
239 32
240 48
241 72
242 60
243 24
244 40
245 32
246 16
247 44
248 56
249 36
250 60
251 28
252 8
253 0
254 0
255 0
