0 0
1 0
2 0
3 0
4 0
5 0
6 0
7 0
8 4
9 0
10 4
11 8
12 4
13 28
14 24
15 56
16 60
17 132
18 164
19 152
20 120
21 224
22 244
23 152
24 300
25 388
26 312
27 176
28 272
29 328
30 424
31 316
32 400
33 824
34 692
35 488
36 1132
37 1324
38 456
39 856
40 1284
41 892
42 956
43 720
44 1320
45 756
46 924
47 1204
48 1772
49 1044
50 1096
51 1772
52 1864
53 1436
54 1052
55 1636
56 2064
57 620
58 1644
59 2436
60 2276
61 1364
62 2352
63 3260
64 2024
65 1736
66 3184
67 4428
68 2448
69 3144
70 5480
71 7776
72 4384
73 6276
74 16304
75 20720
76 18288
77 23840
78 43152
79 34020
80 7912
81 26824
82 18896
83 7020
84 7424
85 8592
86 7696
87 2840
88 3612
89 4648
90 4428
91 1636
92 2304
93 3524
94 2976
95 1156
96 2500
97 2788
98 2728
99 4660
100 3196
101 1952
102 1052
103 1016
104 1332
105 1436
106 660
107 568
108 880
109 844
110 280
111 504
112 732
113 504
114 272
115 404
116 532
117 252
118 132
119 300
120 324
121 212
122 124
123 224
124 244
125 104
126 132
127 240
128 216
129 84
130 108
131 196
132 132
133 76
134 100
135 104
136 80
137 56
138 128
139 104
140 52
141 60
142 128
143 84
144 48
145 48
146 72
147 68
148 36
149 68
150 100
151 56
152 44
153 76
154 128
155 56
156 40
157 24
158 104
159 48
160 64
161 100
162 112
163 48
164 68
165 108
166 72
167 20
168 104
169 48
170 60
171 28
172 60
173 88
174 88
175 36
176 100
177 116
178 60
179 84
180 104
181 80
182 16
183 68
184 76
185 44
186 28
187 76
188 76
189 80
190 40
191 88
192 116
193 20
194 64
195 84
196 52
197 32
198 28
199 64
200 68
201 8
202 100
203 80
204 56
205 24
206 84
207 40
208 44
209 28
210 76
211 64
212 8
213 32
214 60
215 48
216 24
217 12
218 56
219 48
220 8
221 48
222 44
223 20
224 12
225 56
226 32
227 24
228 16
229 44
230 72
231 8
232 40
233 32
234 28
235 16
236 36
237 56
238 56
239 32
240 52
241 60
242 16
243 4
244 84
245 68
246 20
247 20
248 40
249 56
250 60
251 36
252 4
253 4
254 0
255 0
