0 0
1 0
2 0
3 0
4 0
5 0
6 0
7 0
8 0
9 0
10 0
11 4
12 12
13 28
14 24
15 48
16 72
17 92
18 184
19 160
20 168
21 212
22 252
23 176
24 248
25 384
26 292
27 104
28 288
29 460
30 400
31 248
32 588
33 908
34 624
35 428
36 1268
37 1228
38 556
39 832
40 1292
41 1080
42 812
43 776
44 1236
45 752
46 912
47 1264
48 1600
49 1020
50 1116
51 1684
52 1936
53 1308
54 960
55 1772
56 2064
57 544
58 1744
59 2500
60 2584
61 1208
62 2316
63 3296
64 2176
65 1888
66 3256
67 4076
68 2720
69 2916
70 5484
71 8308
72 4428
73 6148
74 16428
75 20872
76 17872
77 24736
78 43276
79 32948
80 8448
81 26624
82 18852
83 6452
84 7576
85 8248
86 7280
87 2780
88 3476
89 4604
90 4412
91 1416
92 2556
93 3428
94 2736
95 1192
96 2192
97 2884
98 2040
99 4800
100 3776
101 3016
102 1148
103 996
104 1164
105 1308
106 596
107 620
108 936
109 892
110 296
111 620
112 696
113 516
114 300
115 344
116 512
117 308
118 184
119 356
120 284
121 156
122 172
123 256
124 256
125 80
126 112
127 180
128 164
129 88
130 72
131 212
132 92
133 56
134 116
135 104
136 60
137 84
138 124
139 160
140 56
141 84
142 76
143 88
144 48
145 48
146 84
147 72
148 56
149 72
150 84
151 68
152 60
153 92
154 124
155 56
156 44
157 88
158 112
159 44
160 40
161 80
162 120
163 32
164 64
165 76
166 72
167 56
168 64
169 92
170 80
171 32
172 80
173 84
174 44
175 48
176 84
177 84
178 52
179 40
180 68
181 96
182 12
183 80
184 100
185 72
186 24
187 96
188 92
189 36
190 32
191 72
192 100
193 32
194 44
195 80
196 92
197 40
198 44
199 60
200 60
201 20
202 64
203 56
204 52
205 16
206 76
207 84
208 32
209 40
210 48
211 80
212 24
213 28
214 56
215 40
216 12
217 48
218 40
219 40
220 4
221 52
222 48
223 28
224 16
225 12
226 56
227 40
228 44
229 32
230 44
231 20
232 24
233 56
234 44
235 24
236 24
237 44
238 68
239 28
240 60
241 56
242 64
243 16
244 68
245 52
246 16
247 24
248 24
249 56
250 48
251 32
252 12
253 8
254 0
255 0
