0 1536
1 0
2 0
3 0
4 0
5 0
6 0
7 4
8 0
9 0
10 0
11 12
12 8
13 24
14 28
15 28
16 80
17 96
18 184
19 136
20 112
21 212
22 252
23 152
24 236
25 316
26 284
27 148
28 236
29 328
30 420
31 320
32 532
33 808
34 644
35 556
36 1116
37 1376
38 476
39 820
40 1376
41 1060
42 736
43 788
44 1312
45 616
46 892
47 1268
48 1628
49 984
50 1068
51 2016
52 1844
53 1280
54 1020
55 1760
56 2144
57 632
58 1728
59 2616
60 2584
61 1160
62 2132
63 3256
64 2116
65 1868
66 3152
67 4336
68 2468
69 3008
70 5720
71 7584
72 4420
73 6168
74 15904
75 20272
76 18324
77 24404
78 43828
79 33360
80 8428
81 26808
82 18764
83 7256
84 7856
85 8580
86 7912
87 2732
88 3408
89 4916
90 4632
91 1664
92 2496
93 3624
94 3064
95 1200
96 2024
97 2432
98 3840
99 3364
100 1684
101 1852
102 964
103 944
104 1236
105 1344
106 600
107 612
108 1012
109 900
110 324
111 500
112 668
113 572
114 220
115 316
116 452
117 256
118 164
119 308
120 280
121 144
122 156
123 292
124 192
125 88
126 148
127 160
128 148
129 56
130 108
131 184
132 92
133 56
134 112
135 156
136 88
137 48
138 112
139 136
140 36
141 52
142 84
143 88
144 52
145 60
146 84
147 80
148 52
149 56
150 76
151 88
152 32
153 80
154 104
155 60
156 44
157 72
158 124
159 68
160 60
161 120
162 92
163 40
164 60
165 96
166 104
167 20
168 68
169 108
170 72
171 36
172 68
173 116
174 52
175 28
176 88
177 64
178 68
179 48
180 76
181 100
182 8
183 72
184 84
185 100
186 16
187 72
188 80
189 80
190 20
191 64
192 84
193 52
194 48
195 48
196 76
197 36
198 76
199 64
200 84
201 4
202 72
203 72
204 20
205 8
206 56
207 44
208 44
209 36
210 60
211 68
212 36
213 40
214 60
215 80
216 8
217 28
218 60
219 64
220 12
221 48
222 20
223 60
224 24
225 44
226 40
227 12
228 32
229 36
230 48
231 20
232 32
233 40
234 24
235 32
236 44
237 84
238 40
239 28
240 48
241 68
242 28
243 16
244 64
245 44
246 28
247 20
248 36
249 68
250 44
251 24
252 8
253 0
254 4
255 0
