1 89.66167662280341
2 56.53174232535628
3 49.31770152562056
4 43.812528365931996
5 40.08480033543378
6 37.24496125324508
7 34.27439908072911
8 31.226398132993182
9 28.24739241708828
10 25.770118362160467
11 23.741606424108976
12 21.851050177018386
13 20.246206452163342
14 18.9749782911314
15 17.81860169573138
16 16.83301357631263
17 16.00767728648847
18 15.211441579715478
19 14.441469648433204
20 13.69772002008548
21 13.019435906701469
22 12.401217847285528
23 11.822428958613955
24 11.25917738289391
25 10.739866825873964
26 10.272537113808154
27 9.837549725097123
28 9.431008637834928
29 9.05622949884379
30 8.702306375489659
31 8.367482920469817
32 8.057263444256014
33 7.7700347676446935
34 7.501033605510126
35 7.24687119206092
36 7.009556598637596
37 6.790028529406586
38 6.587921986287417
39 6.402659157367597
40 6.232781912691804
41 6.075054712017213
42 5.925918661430816
43 5.784167346744462
44 5.648632830459537
45 5.51027464301136
46 5.372500161877685
47 5.240115261037647
48 5.116717001270369
49 5.000058105899827
50 4.8755333578512605