-115
58
-24
55
-30
66
110
-177
-68
98
-150
-41
-79
32
-93
66
9
183
83
277
9
49
7
-13
13
22
-40
-5
-21
-49
-43
92
-27
16
25
-11
20
-9
6
-22
-3
-13
13
-54
-83
-213
-45
-134
-3
-166
-52
11
-29
167
-154
125
-10
-11
119
-122
412
3
30
10
29
1
63
-66
-151
52
-58
-64
-107
42
-52
-69
175
33
421
80
57
-13
56
-44
14
-39
-61
14
-24
-68
25
-40
32
20
-43
115
-18
-53
-13
48
106
-38
1
-77
-6
-237
-63
-105
14
-238
-33
40
-10
-39
-24
52
-49
124
43
-157
393
-61
113
58
49
-53
-94
88
-79
-102
19
-90
-163
74
-123
54
289
133
169
88
-27
67
-32
-1
-62
-83
-86
-69
7
14
-76
-42
60
3
129
-125
53
95
-145
29
-12
92
137
69
-199
-98
57
-174
-24
-182
109
-79
-20
-47
-15
-70
-51
216
84
-243
429
-43
23
50
24
46
13
-69
-74
-22
-83
-109
-31
-53
35
55
237
215
42
69
14
17
-49
-182
-47
-137
-121
12
9
-17
74
-51
-2
108
57
-161
21
-89
69
310
-333
57
73
249
-207
117
-86
-212
28
3
14
-75
-131
60
-52
-37
-13
142
-62
22
309
59
-60
23
17
-18
17
-21
-65
-52
-20
-195
118
-137
82
149
253
47
80
15
26
-101
-118
-51
-30
-197
-16
3
5
58
48
25
-105
93
105
-145
32
-279
391
-21
-263
31
-20
246
-260
223
-29
-27
44
28
-213
24
-93
-8
1
-105
20
60
21
128
229
35
-70
8
13
36
-167
84
-4
-64
-148
-22
102
-5
-22
70
237
61
69
-75
-20
-51
60
-119
-1
-198
46
-58
70
-3
76
116
-159
18
93
-80
7
-27
-98
255
-342
-82
268
-187
56
-7
76
188
-67
-14
108
-174
-6
-131
-51
-142
54
-12
73
-28
340
85
-46
-72
140
-49
-169
113
-116
91
-196
41
-151
216
15
63
161
-56
243
-360
-212
406
-125
35
-15
95
-189
68
48
-16
140
6
-36
-143
16
100
-133
199
-120
24
13
-216
-122
-232
428
-227
51
225
-45
-65
159
-192
-36
-48
-59
-88
5
-44
111
-17
425
15
-55
-107
28
105
-176
-34
-54
10
-21
-14
62
13
127
6
-28
-102
345
-141
-46
169
-19
-32
-65
-29
-113
99
38
-62
-16
63
-84
-61
-66
152
50
22
90
7
-60
-18
-266
139
-206
59
-151
203
-42
136
36
0
-47
-61
-61
-153
-66
37
5
26
495
-65
-6
-56
-61
101
-188
-46
65
-190
-21
40
213
116
-66
-11
58
-47
-19
1
274
-72
-149
20
-285
57
94
-147
156
-234
79
30
-104
80
28
-72
129
-36
105
159
-38
132
-208
-20
-68
-502
491
52
-99
72
19
-42
-88
63
-81
-122
-13
-6
-12
79
447
-3
-7
-64
-52
19
20
-199
-48
15
-248
33
431
-93
85
-4
-23
-251
365
139
-184
-9
-262
-53
-105
82
-28
66
-54
60
35
-68
-19
26
31
-5
-24
34
-13
-117
157
269
-25
158
-530
179
-240
151
218
34
-14
-13
-14
102
-228
-44
-10
-144
-96
114
492
-17
7
-29
-154
14
-39
-48
-25
-48
-22
-136
313
35
63
-139
72
78
134
-186
-113
-184
33
-76
32
-25
-16
21
30
-47
42
-37
-1
15
9
41
-9
-67
-33
-12
51
131
127
-94
113
-122
-192
310
22
18
80
-74
11
-23
-39
-78
-222
-43
-74
119
509
-43
55
-24
-150
2
-191
-13
-49
-38
137
103
-168
107
34
40
-12
264
-292
-229
38
32
-54
-42
32
-15
1
-15
100
-8
-37
-14
-1
28
-1
1
-20
-15
68
-116
44
-56
-32
-103
374
-54
220
-130
-502
406
194
29
-2
-71
50
-217
-175
-116
41
118
438
4
55
-37
-100
-48
-104
-264
135
48
-6
170
242
-239
21
-137
199
-139
-195
-180
125
43
4
-5
9
22
-15
-50
129
-1
-67
20
38
-29
16
-25
-13
-40
10
-24
-56
-13
-125
115
48
-142
443
-156
-152
217
131
-17
40
31
-100
-247
-100
-13
-10
134
431
0
-38
5
-11
-115
-99
-431
383
-127
42
49
187
176
-109
-52
-129
-445
95
125
33
57
-4
6
-1
17
-5
-25
116
58
-102
-54
56
-4
-15
-24
-9
-27
-17
25
-65
-132
67
-158
7
304
-110
28
164
-54
88
109
38
-25
-20
-151
-146
-90
-73
205
515
-24
-89
22
-90
-76
-263
-194
90
86
200
-129
176
30
-35
-96
-56
-247
-161
191
135
46
88
8
-43
-28
-126
69
110
-26
25
-84
21
23
-20
-29
-17
14
-10
-6
-78
-11
-83
18
-4
56
-118
42
-42
257
103
60
-47
-91
3
-156
-27
10
35
-22
528
93
-41
-10
-77
-144
-211
-287
-8
372
-19
213
-40
51
-85
-228
-321
22
41
168
52
54
26
62
-4
-219
-18
178
23
56
9
12
-228
63
121
-24
9
-50
-13
-38
-47
-87
109
-145
110
-161
5
59
150
4
115
-42
27
23
-22
-151
-178
12
33
142
485
24
44
-49
39
-257
-258
-287
232
-11
344
-7
214
-108
-74
-270
-262
14
-22
167
80
25
85
-10
-255
-143
418
9
94
61
-25
-65
-51
-342
19
220
47
-2
-25
-27
-86
1
34
-85
-125
78
22
40
5
41
100
41
14
-108
-158
-4
-22
17
9
18
589
55
29
-11
-107
-245
-240
-118
-19
138
285
1
122
68
-210
-523
-28
86
23
151
84
7
-89
-229
62
418
63
-12
-30
29
-38
102
-31
7
-250
-184
106
169
11
-42
-97
-4
31
-42
-13
-83
165
-85
-28
-25
106
-3
-53
-98
-52
80
-71
-22
89
-50
669
-19
108
-30
-156
-185
-233
-154
-111
230
299
65
16
25
-201
-449
33
117
-33
36
162
-7
9
103
107
-14
-61
-61
24
11
-22
0
-26
74
184
-67
-51
-50
-39
-128
23
-14
-25
-31
-16
44
-70
-153
72
218
-55
-32
-73
28
67
-5
-205
-87
37
51
766
-18
6
64
-92
-291
-326
29
-249
125
491
98
-53
-64
-264
-415
31
121
84
71
71
139
35
-25
-37
-45
8
40
-6
55
-35
-5
-20
-20
30
23
-10
-22
1
-40
25
-68
6
-97
-111
34
39
102
51
-83
-7
-27
122
-88
-33
-149
-28
-18
-16
55
776
0
24
-14
-76
-274
-231
-61
-63
-33
302
182
21
-50
-288
-252
35
100
-30
44
62
148
77
-89
-13
-17
2
21
11
63
-3
-24
-9
-31
-8
17
118
72
82
-190
-64
-137
-138
116
-14
83
-88
-62
-149
174
82
44
-56
-55
-173
10
8
1
7
0
783
-85
-17
78
-143
-71
-261
-199
-177
-16
163
-37
184
-20
-156
-156
153
-23
85
102
-61
-20
305
215
-109
-173
-43
-9
2
101
-6
-31
-5
-26
14
393
-26
-415
201
-132
-141
-89
223
-195
49
-162
19
-123
-65
116
96
16
-55
-75
-54
100
-14
32
-14
-39
694
-25
-125
111
-78
-97
-246
-415
-47
30
67
-37
166
203
-149
-183
60
47
443
-176
35
259
-86
9
278
-246
-174
-30
8
65
41
-48
-4
-3
107
39
311
-386
63
92
-40
-82
-313
186
-196
48
-151
-52
166
-85
-31
3
-25
-15
-27
-23
145
-47
17
7
658
-102
-153
-93
74
-113
-40
-360
-126
-22
16
-102
54
57
-46
57
53
129
253
261
-301
188
-126
347
109
-69
-320
-45
4
45
112
-103
-17
-21
312
-268
436
-99
-540
248
137
-163
-18
-104
-69
24
-188
-4
-138
63
108
-84
20
20
-37
183
-74
7
25
-73
619
-11
-106
-144
-210
126
80
-298
-366
54
102
-2
155
-36
-118
-99
-16
313
245
238
-276
300
-244
309
71
-166
-97
-195
4
71
103
-55
-33
-62
445
-348
319
36
-470
306
90
-271
205
-342
32
-265
-128
-37
-1
78
16
125
-51
195
-173
-15
1
5
60
-27
483
18
-8
-85
-101
-132
-86
-27
-149
-130
-182
39
19
56
73
2
-77
448
306
-10
128
-57
-132
351
-87
-129
-13
-350
-2
68
129
-49
-63
-14
446
-90
-10
182
-299
-52
295
-120
-236
163
-394
-240
9
8
-11
87
66
-3
-26
-141
70
45
8
63
22
-125
598
-33
-83
49
-179
-64
-68
-337
-117
7
-112
13
141
49
-119
13
77
405
464
-194
140
29
-87
300
-138
-83
-32
-388
-36
37
180
-119
-35
-8
442
70
-260
253
-36
-322
451
-213
-162
185
-373
-484
36
32
-16
77
106
-22
-32
-24
-77
231
-88
-33
15
7
599
-20
-49
-152
-44
-76
-226
-137
-166
-66
-11
-19
-10
43
-25
-19
441
321
297
-236
375
-209
26
9
-17
113
-170
-348
-39
28
103
-34
-62
-36
473
62
-144
198
27
-316
298
-43
-30
-226
64
-717
-136
117
101
-37
234
-4
-107
0
18
-22
-59
106
-72
-28
575
49
-71
-37
-186
-198
-227
23
-68
-114
17
53
-88
54
-44
-88
484
468
31
68
260
-309
137
90
-165
188
-344
-264
-46
12
130
66
-151
-43
407
124
-26
58
72
-204
86
157
-144
-110
-65
-590
-181
-6
178
58
38
-42
-70
86
-38
-6
-51
29
-3
27
428
110
-36
61
-16
-102
-195
-364
-198
74
-10
-77
53
19
-120
58
534
461
-231
310
76
-242
269
-48
-156
186
-388
-200
-49
77
148
5
-118
-57
182
302
91
-150
160
-71
-142
312
-153
-61
-222
-326
-336
-7
130
-30
8
70
59
-34
61
-115
78
-97
21
79
484
-77
-126
23
23
-81
-14
-210
-337
-70
44
78
-117
72
-144
94
734
221
-233
319
2
-131
198
-70
-55
82
-478
-64
5
62
289
-56
-142
-123
28
413
160
-174
121
75
-350
243
60
-129
-124
-140
-667
101
-47
323
-41
69
-63
-137
60
-35
-4
119
-101
4
371
-32
68
-231
68
-135
-59
-72
-115
-58
-53
-13
121
-89
-195
166
812
-149
151
207
-95
-33
82
-83
124
-89
-458
-19
-9
68
287
192
-368
-138
-29
440
115
-38
55
74
-175
-77
206
-111
-30
-188
-488
-160
186
75
-45
-62
75
-90
39
16
10
-25
78
-137
272
144
-133
-55
-110
-78
-112
-46
-73
104
-76
-41
-17
-5
-151
470
582
-219
228
127
-137
83
65
-108
189
-271
-374
-7
-8
73
302
-69
-230
-32
-23
366
180
-14
14
57
26
-314
157
52
-57
-171
-411
-194
83
11
70
81
-92
12
-6
-74
57
36
-34
-118
217
67
-153
-181
56
-2
-71
-32
-73
64
58
-68
-26
-37
-191
704
332
-258
331
50
-109
196
-1
-112
150
-300
-303
-25
-7
69
303
-110
-199
-21
-28
332
172
108
-171
209
-35
-229
-54
218
-76
-59
-528
-245
232
13
-78
157
5
19
-12
28
-165
-118
91
-58
43
-22
-65
-77
84
-149
144
95
-125
158
-77
-199
-70
75
-148
743
-16
160
187
-97
-16
239
-99
-5
86
-280
-270
-68
18
35
219
11
-208
-34
-20
317
149
167
-139
114
51
-101
-307
248
32
-74
-520
-309
53
74
177
77
-51
123
-66
-122
-32
-68
70
-157
111
136
-298
-5
-42
-116
313
-184
30
173
-222
92
-13
-99
-136
787
-160
329
71
-240
238
148
-110
80
26
-242
-242
-116
-35
67
256
-34
-204
-40
-17
295
154
148
-78
5
75
-83
-177
58
131
-122
-323
-490
129
257
-12
-5
92
-11
-38
-137
88
-43
-119
50
100
-48
-136
-120
-53
118
44
80
98
-230
136
138
-380
173
-203
703
-115
309
-71
-165
307
60
-86
169
-157
-151
-212
-118
-69
62
282
-103
-165
-37
4
271
127
138
59
-118
60
-35
-61
-221
238
-21
-188
-570
107
-13
292
12
-10
55
-14
-78
22
-109
-11
-21
-173
38
-28
-21
93
-77
96
92
-18
91
72
-194
-205
40
-166
673
52
217
-231
86
153
23
-40
164
-157
-128
-249
-102
-49
49
168
0
-95
-46
15
238
140
78
121
-155
28
-2
-26
-194
122
49
-107
-627
15
-46
275
164
-102
127
38
-93
-31
-63
-70
-133
-151
27
57
-137
168
61
127
-37
27
184
-82
-24
-37
-329
-161
509
347
80
-224
213
60
59
-26
108
-124
-76
-355
-40
-60
58
256
-69
-132
-55
17
232
216
-2
87
-64
-58
81
-17
-60
-155
118
-72
-506
-61
141
68
147
79
-71
36
-61
-199
108
23
-203
-100
72
-33
-129
167
29
21
98
106
127
-107
-162
80
-163
-355
329
585
-7
-186
202
36
22
26
34
-54
-26
-369
-42
-84
62
121
22
-124
-47
84
134
305
16
9
-3
-116
93
-9
-54
-207
133
-29
-492
-69
265
30
-63
133
35
-87
141
-102
-24
-29
-134
-106
-139
-117
301
-4
10
79
144
-59
-112
59
-101
-54
83
-226
-26
676
-11
-24
92
50
-34
76
-1
-24
-6
-438
-7
-80
17
92
23
-80
-6
46
154
431
-126
16
42
-111
0
46
-52
-99
-15
9
-441
9
176
-30
6
39
256
-157
62
-109
16
-134
-50
-241
86
-33
-22
313
-10
-120
41
103
7
0
-163
-9
-225
-21
-27
628
-81
159
67
42
-109
131
-53
47
-4
-455
79
-158
-2
171
-17
-110
-11
76
78
487
-85
-1
-37
-6
-98
81
-39
-51
-111
-1
-388
9
73
99
177
-2
90
-199
84
-102
-53
24
-121
-198
-96
205
-190
170
20
-69
183
-63
220
-70
-3
-180
4
-227
-79
622
-79
253
66
-19
-87
142
-48
6
63
-501
98
-122
-4
85
-27
-48
-3
120
43
426
79
-149
7
-25
-107
32
44
-59
-133
-232
-165
124
94
100
7
114
-77
-25
45
-2
-135
140
-65
-538
66
32
112
3
-59
202
-230
197
170
-165
42
18
-63
-94
-117
216
166
217
94
-127
69
54
6
28
83
-584
135
-145
-26
145
-42
-40
-3
137
29
328
109
-100
7
-33
-39
-144
96
27
-89
-389
71
-14
161
23
7
-3
-11
56
-106
39
-31
-42
-20
-296
38
-5
215
-103
197
-155
74
135
-232
106
41
-14
-116
0
-118
-230
600
182
-1
-141
187
31
-3
59
29
-600
157
-118
-67
90
20
-17
1
97
-27
375
116
-14
-135
34
-46
-99
-150
217
-72
-358
17
2
15
88
-40
242
-117
54
57
5
-71
-71
-69
-268
43
13
0
28
48
-82
273
46
-173
-106
-64
125
14
-120
-213
-75
739
75
-161
112
108
32
-36
178
-47
-588
88
-56
-163
117
126
-115
40
78
-41
433
66
34
-188
8
2
-17
-241
-3
-34
-310
76
140
-34
144
-45
88
97
-63
69
113
-154
31
-108
-404
-35
117
66
175
75
-91
-194
225
-128
45
11
-311
-108
248
-83
-104
426
131
-110
287
29
-50
73
142
-65
-518
-23
87
-292
88
235
-85
35
35
-90
480
79
-2
-11
-249
-14
73
29
-148
-398
-40
171
-89
73
-128
246
79
0
-25
60
43
-43
123
-46
-443
-3
122
91
-46
33
1
41
66
-103
-41
89
-232
93
-337
43
-65
2
154
543
70
-72
-70
324
12
-56
-542
-171
404
-428
94
286
-167
58
-3
-63
563
-29
50
-14
-54
-246
-65
41
44
-328
-140
59
-71
-87
325
-25
145
-7
145
17
-30
24
46
-207
-290
106
-31
46
79
90
-13
40
-110
316
-416
10
155
-81
-340
20
62
-129
27
367
-14
-3
398
67
24
10
-596
-271
538
-494
84
379
-184
44
-129
-122
822
-57
-75
35
-32
-75
-95
-268
-230
-123
46
40
118
-20
117
1
211
-130
206
4
-34
119
-52
-199
-129
-106
50
364
-46
-153
136
-98
90
-89
-6
16
8
-352
89
-29
-130
-65
-156
60
439
347
51
4
0
15
-532
-79
278
-441
-3
406
-79
162
-542
-83
862
290
-71
-156
-174
-88
-81
-266
-142
33
57
128
-129
193
167
-61
173
-91
144
94
-98
77
-104
-1
-487
367
-143
167
-141
48
96
-130
381
-269
64
-59
-174
-58
12
-55
-81
62
-225
-117
6
146
21
109
261
-151
-464
197
409
-316
-6
382
-133
-73
-121
-344
753
257
43
32
-70
-113
-253
-268
-127
195
-79
42
11
100
19
163
96
149
-98
32
14
65
-51
-69
-454
196
-86
57
232
-23
-83
129
-269
95
76
-104
56
-98
-53
-39
49
-213
-157
261
181
-120
44
-78
-33
-118
65
-224
204
-21
43
206
-82
-155
335
-366
-57
179
163
17
-16
-175
-257
-20
196
83
62
5
-82
174
-41
112
162
-150
48
228
-26
-209
189
18
-494
194
99
-150
281
-125
106
-154
105
192
-349
39
-122
107
-137
-18
-52
25
-10
-40
-39
101
26
-35
79
7
-277
-178
28
136
-30
198
-35
153
-145
-98
54
154
76
27
-71
203
127
-187
-277
-70
49
94
-63
94
-4
131
120
-11
139
-30
109
-111
19
-7
-507
200
-10
88
23
138
150
-232
-26
173
-150
-140
121
-223
-23
70
68
-62
-130
-283
-31
-60
42
21
321
238
-78
-178
-347
166
-17
28
106
84
-151
-90
382
-1
-122
-98
-33
20
97
212
94
-79
-341
-15
193
-62
124
-16
368
-119
117
59
-59
-83
103
-151
-265
-13
19
241
-135
243
-116
-7
25
-72
-84
97
-101
-119
-38
168
49
-395
-249
80
216
173
-174
-302
-45
270
35
95
-362
58
116
12
49
-17
353
-308
243
-396
-112
-23
44
106
13
187
174
274
-210
-176
-38
202
-5
220
-27
92
22
-78
73
121
-111
-137
-305
89
98
-86
106
176
56
-67
68
-118
-140
-48
-71
-141
-20
261
35
-503
39
375
205
-88
-3
-108
-587
97
411
-278
-178
29
145
-5
-54
18
202
122
-349
23
-121
457
294
45
-175
-217
-320
488
291
-341
-144
117
51
-32
195
-82
-16
51
261
-178
27
-10
-194
3
-7
97
214
-43
115
-40
-223
-73
-307
-117
60
-140
18
99
-5
-64
124
305
-81
-367
260
183
-421
175
15
-365
17
79
19
5
30
-54
264
153
-206
-312
309
394
6
-270
257
-33
-396
221
287
-302
-154
52
127
51
71
113
65
47
-157
23
-110
233
-352
-32
270
6
14
-140
38
225
-173
-125
-217
-47
-154
12
-35
32
-52
-57
68
155
71
-80
-20
-25
-122
96
-157
27
-18
110
157
5
-60
-108
-48
279
124
-218
17
381
-65
-140
270
-111
-398
37
89
-181
25
57
60
130
175
222
-304
223
-11
87
-38
57
-419
-101
235
-15
226
65
-145
99
-358
92
-283
58
-63
-75
-39
-1
-32
-45
45
-41
19
-28
51
-19
-18
30
45
6
153
-142
13
24
10
-61
-36
-53
73
44
-59
90
62
137
-129
-105
-101
75
18
-36
47
-61
38
104
163
288
-29
-4
207
-98
258
-234
-530
217
93
-17
2
122
-41
-22
7
-248
-114
-42
76
-106
-29
-42
0
16
-31
-45
52
-6
10
-61
-4
31
216
195
-178
142
-165
-136
249
-18
-105
-157
-17
38
86
-83
-68
56
-14
10
-35
3
6
15
-33
111
11
-33
121
46
214
95
53
-58
21
-89
