138
-10
-37
-43
81
6
-3
-61
1
-3
-60
-51
-8
-10
7
-44
52
-33
-123
-4
106
49
2
17
18
2
-2
10
10
-25
24
0
-6
-17
-3
-29
10
16
-16
-42
-16
-40
-35
20
-20
-29
31
43
26
47
11
-8
27
-30
58
4
2
8
6
15
47
9
-49
-15
45
44
-13
-91
23
-38
-23
-69
42
-31
-19
31
-44
-38
19
-34
133
-10
46
-4
7
31
-30
22
-1
-44
39
-39
4
-11
-4
17
-18
3
13
8
19
-68
-25
8
-105
-48
53
8
-14
56
44
-11
31
4
18
29
30
-6
1
17
-23
89
-78
-54
40
42
18
-35
-55
4
-8
-99
59
20
-39
14
-83
16
-25
106
15
50
41
-14
1
-41
-55
-2
14
-2
-24
-7
12
4
54
-29
8
52
-4
19
13
17
-58
49
-145
-5
-6
-46
46
-30
11
5
37
10
30
14
26
10
12
22
9
-3
-53
-105
-5
100
42
-35
-64
-21
-19
3
14
-6
2
-14
-116
184
-37
99
-13
46
1
-26
-13
-65
-31
-67
-32
12
56
-33
-7
35
82
-19
15
32
67
33
-23
24
6
8
-116
56
-82
-50
4
-54
-27
14
53
16
17
12
33
-7
39
59
-37
-30
-42
-63
-94
79
52
-41
-10
-37
-48
62
58
-9
-32
-16
-2
104
83
-7
37
-26
0
-3
-38
-84
-92
-28
32
-34
30
23
-57
78
32
-46
43
11
133
25
-40
16
28
-16
21
-28
-42
-27
-56
-82
22
-28
32
29
11
31
28
-10
35
44
-49
-50
6
-66
-62
-74
181
-99
-15
19
-25
-11
183
-34
-66
63
-22
82
31
22
37
-22
-10
-65
-26
-32
-79
21
59
-16
13
34
-65
-17
34
-34
1
32
77
43
-9
1
43
-1
21
8
-39
-17
-84
-12
-14
-82
13
-3
35
47
28
11
-5
43
-28
-62
-39
-23
-82
-117
137
-24
2
-44
28
6
156
59
-75
59
-38
69
72
-48
-11
20
-15
-81
30
64
-83
89
25
7
-18
-31
-4
-26
5
17
-84
64
-15
27
24
21
-31
56
-14
15
41
-59
-79
-36
-22
-42
-8
-24
59
36
11
-8
25
50
-105
-41
-21
-38
-37
-125
39
72
-15
9
-18
38
117
2
52
40
-22
38
92
-44
-36
0
17
0
28
21
-23
10
-4
-19
-9
-1
-22
-23
7
22
27
-28
-4
-32
-5
53
2
57
-41
33
-12
26
-48
-36
-71
-6
-58
4
29
1
32
1
21
34
-143
-27
-91
-8
-7
-52
-3
70
-9
100
-88
75
9
72
28
77
41
20
-8
-15
17
-10
-19
8
-38
-32
36
-60
49
-152
28
-9
-81
41
54
-42
126
46
39
-20
-4
1
-21
65
-24
27
11
19
-19
-87
-48
-66
-57
56
-2
-3
71
22
10
22
-209
15
-52
-82
-27
-6
-48
109
34
123
-67
23
106
-68
106
92
-15
13
39
7
-48
7
-75
-35
-136
-3
-52
96
30
-22
-59
-90
-9
-8
58
16
28
138
110
-14
38
-14
14
-9
-50
81
-5
32
-3
-35
-59
-58
-82
-8
-45
24
73
39
22
-9
-236
41
-57
-69
-56
31
9
18
55
150
-49
-45
81
53
126
11
41
9
9
7
-44
-107
-98
-57
-61
-24
-19
53
131
-116
-43
-54
0
16
17
46
-17
9
155
160
35
24
-3
-65
-8
19
71
-11
-10
22
-67
-91
-45
-93
-40
90
64
27
10
-1
-307
17
-15
-11
-73
-5
112
20
29
70
-6
-36
63
144
15
72
22
8
-10
-13
-79
-108
-132
-74
10
-7
-8
26
96
-29
-39
-31
-5
33
2
-2
-30
-8
107
171
126
2
3
37
-19
-59
82
-62
-32
46
-41
-31
-55
-111
10
-23
101
32
33
-16
-335
-46
-12
31
-10
-40
73
176
-70
28
-14
-106
212
78
94
38
9
-31
19
-39
-193
-113
-28
-7
17
16
-11
-6
38
-4
-5
7
46
-37
15
-39
-35
-39
20
160
215
29
20
-12
-25
23
3
-60
32
25
-36
-43
-28
-19
-26
-13
26
38
10
-1
-360
-51
-9
-25
9
23
70
210
-109
38
-1
-85
18
281
57
40
-43
11
29
-137
-199
-18
-14
13
-7
26
-9
77
38
30
-53
-76
43
-5
-23
-18
-28
-56
-26
106
198
133
10
-29
-7
58
-59
18
-19
0
-30
0
-28
15
6
10
-1
-36
5
34
-418
-127
45
-39
31
60
128
107
34
-90
22
54
-54
118
121
48
3
-20
-11
-200
-128
53
99
6
-47
-36
-57
103
-55
-32
50
-36
-3
10
-23
-28
-30
8
-30
13
163
264
4
-36
3
12
-22
0
-13
9
14
16
-51
-32
-32
-13
50
14
4
-42
-362
-119
-57
0
28
96
150
133
45
-128
24
67
-13
94
79
21
-14
43
-61
-240
-95
59
34
85
-12
-83
41
-74
1
59
-16
-22
-7
50
-21
-26
12
-43
-22
-45
149
315
18
-51
44
-37
25
-13
0
-7
6
-28
-18
-17
-17
-20
-19
18
23
-4
-457
-18
-83
-7
3
148
130
135
-36
78
-80
52
90
-11
75
20
5
49
-92
-264
-87
37
65
29
42
8
-77
63
122
43
-45
-122
-93
69
77
-60
-24
-67
-38
-33
108
384
3
-42
1
-3
-4
-21
7
15
-17
-30
-37
-18
-41
-20
50
28
4
-47
-399
-60
-40
-2
8
116
184
76
54
-12
-17
30
33
59
-25
25
60
78
-93
-299
-105
35
81
73
21
-30
92
61
-40
5
-16
60
-56
-79
-54
3
-58
-35
10
-38
216
313
23
-58
9
-69
-29
15
16
-41
-13
-31
-33
-22
12
14
25
-19
-50
8
-443
-4
-70
22
55
80
185
78
80
-20
-95
-2
83
108
-2
14
29
72
-6
-283
-148
12
43
33
81
30
-48
-67
17
17
-53
-27
-21
80
86
-27
-56
-40
-55
94
391
83
-32
-34
23
-36
-58
-38
14
4
-64
-15
-31
-3
31
-9
-46
-8
-16
-4
-471
-17
8
-6
77
88
177
16
134
39
-8
-31
14
-20
-7
102
36
46
36
-90
-282
6
0
-38
-59
-34
32
29
18
50
-53
-33
-20
-28
23
21
-3
5
166
345
62
1
-38
-6
-60
-38
-6
-4
-31
-57
-32
8
20
-30
-24
13
-35
-4
-15
7
-449
-3
12
-9
38
123
185
16
83
82
0
-21
14
-24
8
39
31
39
48
51
-146
-150
-102
-108
-28
-29
9
32
31
97
-54
-36
-15
-40
-1
57
211
262
111
-17
-13
-33
-75
17
-49
-29
-41
-23
-16
17
-14
-2
-15
-30
-20
-11
9
-21
5
-2
-446
40
8
-24
41
85
140
106
55
34
-15
18
-28
14
19
64
38
6
119
-5
-19
49
8
-84
-295
-149
-58
1
17
94
-1
-54
-21
-38
92
325
151
-12
59
-29
-35
-3
82
-38
-52
-58
-21
-98
-36
40
-4
-4
-36
-38
17
2
4
-16
-14
-13
-413
52
37
6
4
27
100
176
57
31
-7
-2
15
11
-25
4
71
84
174
-83
44
54
-137
70
-65
-345
-191
-22
6
71
47
-90
-8
7
178
330
43
-11
30
86
-40
-29
-38
40
-93
6
-108
-39
36
-47
-13
-29
-14
-24
-4
19
11
-32
-15
4
-372
46
54
-21
-20
88
26
155
85
25
-9
-16
-2
0
18
38
23
114
88
86
-122
86
-141
109
-33
-142
-369
-78
1
82
108
-157
-5
23
325
171
41
32
-105
144
16
-54
-1
14
-52
-57
-85
-45
-43
1
30
-42
-36
-29
10
21
-27
9
7
-14
-327
5
42
22
77
-25
16
113
132
7
-9
28
-16
-1
22
-7
7
172
113
20
-66
47
-93
49
-5
-84
-337
-156
-38
98
126
-147
-38
34
423
32
111
-18
-92
132
72
-38
-39
12
-59
-154
-88
-20
4
2
-24
46
-7
-41
-30
-3
8
-5
-2
-16
-289
-21
33
32
27
54
24
11
130
53
8
16
-2
14
5
9
80
176
59
-66
45
-99
24
-68
59
19
-309
-267
-10
87
132
-124
-99
100
407
15
74
-37
9
-4
80
64
-69
57
-127
-160
-23
-25
3
-9
-5
0
-41
-55
11
10
-24
4
11
-11
-299
20
31
-67
98
44
110
56
34
30
12
15
-5
-4
28
15
59
213
24
-30
-14
-82
54
-126
83
12
-158
-391
-15
112
151
-212
-68
96
467
-18
74
-32
-9
7
-50
182
-56
3
-39
-225
-29
5
-43
8
-3
-4
-36
-11
21
-13
-10
10
1
18
-356
40
22
46
45
0
67
57
68
37
9
-24
17
10
-2
23
221
98
-64
47
-168
52
30
-21
32
-62
-97
-432
-7
109
147
-149
-123
46
481
79
15
-39
-13
60
-72
102
40
-38
35
-297
-54
27
-8
-18
17
-37
-21
-1
-3
-12
15
-5
-2
16
-305
46
46
19
34
63
64
-8
52
36
-11
-38
32
7
4
45
274
90
-118
24
-192
107
-35
-48
98
-72
-179
-337
4
98
195
-68
-231
27
401
185
-45
17
-45
58
-17
-60
149
33
-17
-250
-111
26
-9
18
-25
-29
-17
-15
22
-5
1
-6
45
-44
-243
-33
67
-5
-10
33
74
118
44
3
-31
24
-1
18
14
67
279
-33
-28
-32
-90
66
-95
24
83
-64
-300
-231
0
147
200
-45
-245
-49
306
293
-107
116
-89
20
47
-134
151
88
-5
-166
-206
2
0
-10
-10
-19
-9
7
-23
13
22
-20
26
3
-279
34
69
-40
31
11
-6
44
131
27
-16
-33
45
4
19
115
293
-118
49
-92
-39
54
-88
55
4
-25
-465
-96
25
181
253
-94
-220
-136
149
471
-115
98
-51
-51
126
-70
12
130
25
-96
-299
-6
5
-12
27
-38
-16
-13
4
-1
-14
18
7
-16
-199
83
2
27
-8
19
11
0
37
46
-7
11
7
11
36
132
271
-132
71
-119
2
41
-35
41
-99
12
-527
-28
4
172
281
-24
-296
-136
51
565
-29
7
-3
-62
81
2
-24
131
35
-49
-314
-54
14
-1
-33
-11
-34
11
-6
8
-6
10
-11
27
-119
20
11
50
-5
11
20
-35
42
22
1
-12
17
7
49
222
140
-59
52
-133
1
1
-49
56
-90
-22
-505
-6
27
193
297
-160
-296
-40
35
503
62
-40
28
-39
-21
92
-5
51
60
-25
-255
-106
-12
-22
-7
-32
-9
13
-5
6
-2
9
13
-3
-32
20
-12
-9
-4
-6
23
-1
26
22
-3
-36
30
13
61
293
21
27
-23
-75
-7
-90
11
49
-47
-84
-453
-26
24
160
239
-113
-272
-5
20
445
151
-112
88
-103
42
104
-8
-21
89
-15
-217
-126
9
-57
-15
-49
9
-15
14
19
32
-19
17
-38
6
25
-14
30
-41
43
-44
-43
40
3
18
13
33
-12
85
327
-12
51
-86
-46
1
-103
68
-36
-2
-117
-395
-64
30
127
220
-55
-261
-48
29
442
169
-122
63
-41
-33
96
55
-33
33
65
-241
-136
-12
-39
-3
1
26
-20
-39
23
-30
12
-11
28
30
-53
53
-17
-24
53
-98
76
-15
2
32
-35
6
33
76
341
-43
60
-101
-20
-21
-74
48
-79
27
-57
-373
-105
-13
133
267
-101
-268
-26
21
414
223
-107
18
31
-37
87
29
-40
11
108
-204
-212
2
-24
0
36
-68
39
-3
-5
-44
-12
15
-23
-35
22
-1
44
2
-51
72
-63
-48
70
39
-94
117
-15
104
360
-29
-33
-86
32
-56
-48
24
-121
151
-102
-401
-73
-39
105
320
-167
-227
-15
8
400
250
-85
-54
80
-4
53
50
-43
22
51
-101
-295
-27
45
-20
-4
1
-62
17
0
-18
-2
-2
-11
-9
-8
14
-16
-26
30
31
-91
61
39
-40
89
-24
-20
111
370
-8
-93
-21
51
-76
-37
-25
-81
145
-114
-414
-76
-32
78
249
-102
-186
-51
44
408
210
-23
-99
83
22
41
34
12
-40
70
-67
-329
-25
3
4
33
-28
-16
1
-2
-2
-38
33
-50
21
-11
-40
57
-50
-5
-31
-16
67
-36
15
-12
41
40
83
354
52
-82
-38
21
-45
-49
-27
-49
122
-118
-452
-40
-37
70
216
-80
-174
-35
41
408
167
40
-72
22
24
8
41
56
-41
62
-36
-350
-46
30
21
-18
-35
11
-36
13
44
-84
-14
8
17
-7
-44
63
-51
-6
-20
-11
18
-15
6
71
-5
38
58
286
109
-57
24
-23
-48
-48
-28
16
44
-97
-467
-29
-54
61
137
-16
-174
-18
105
386
118
5
7
-8
28
-5
49
71
-9
7
-6
-323
-28
10
-31
21
-86
4
16
-29
23
-44
8
-2
-54
43
34
-71
-21
28
-18
-47
26
66
-53
44
69
-14
15
261
196
-70
33
-36
-60
-34
-28
36
30
-97
-509
0
-34
10
81
17
-116
-19
80
362
107
74
26
-37
45
3
34
72
32
-63
24
-314
-32
-62
-4
-4
-2
-33
19
-75
81
-7
-52
-25
38
-51
22
45
-53
-77
71
-15
-2
-17
-3
83
17
61
5
108
297
-61
45
-72
-38
-3
-28
55
-42
-80
-475
64
-118
22
109
-45
-96
-4
84
342
113
44
33
43
-10
14
22
74
32
-71
-17
-300
-15
-9
14
-12
-12
-32
-37
-68
23
48
-11
-50
28
-6
-69
110
-91
10
56
-100
72
-5
14
-36
46
25
68
74
325
-60
35
-80
-34
26
-25
21
-16
-100
-455
35
-101
5
81
2
-92
8
129
302
130
-75
114
45
27
16
-11
44
49
-55
-162
-148
9
4
-11
-28
-60
-18
-20
22
-39
-4
-8
-12
37
-29
-45
-7
-4
50
-91
64
-37
-19
68
42
19
29
14
80
230
68
20
-92
-10
34
-24
-16
-47
-78
-409
19
-67
-24
71
-32
-76
32
128
226
246
-92
57
47
63
31
-30
22
40
12
-232
-87
17
-40
-46
-27
-19
6
-48
-4
-66
-13
10
-59
102
-49
-7
-42
40
-64
13
48
-76
100
7
9
16
76
43
8
37
301
-6
-62
22
-3
-55
-20
-51
-25
-400
0
-99
50
15
-6
-104
67
71
223
287
-80
10
79
64
62
-32
-65
53
21
-197
-111
-35
1
-36
23
-117
-15
0
-29
16
0
-52
25
4
16
-12
-5
-51
-15
85
-41
-66
87
37
8
33
40
5
32
55
350
-76
-55
89
-52
-66
-26
-69
24
-402
-4
-69
24
-2
-1
-91
44
79
284
214
-39
-5
17
101
64
29
-117
-74
-54
-92
-3
-17
-31
21
-67
-55
7
-18
-20
11
0
-62
9
-13
39
-40
-31
8
-56
18
90
-68
45
21
-83
93
68
-15
90
20
338
-100
33
72
-51
-39
-65
-44
26
-407
10
-67
17
13
-8
-144
65
84
239
218
-28
39
8
4
74
68
21
-109
-226
-37
16
-54
-85
59
-29
-15
-30
-48
28
-25
35
-61
-21
47
-12
-30
-73
70
-51
-4
6
18
68
-10
15
48
-13
65
-7
39
96
43
302
-23
-107
-61
-3
5
-23
-374
5
-77
22
0
-41
-97
112
12
249
186
9
14
61
38
-72
-70
69
90
-182
-122
-46
-53
-16
-49
45
-53
39
-52
-24
25
-44
-18
74
-54
-11
-4
-18
-20
13
-32
8
33
-73
134
32
-17
21
66
18
26
-10
177
211
-149
-5
118
-33
-21
-44
-306
25
-92
-13
7
-121
-77
180
24
83
235
-32
85
56
82
45
-45
-205
-105
-21
-45
-32
-59
22
-23
25
-84
71
-118
12
77
-56
-32
67
-104
71
-21
-93
40
6
-56
96
-27
28
32
-15
43
68
58
-33
-14
31
21
96
239
91
-31
-47
-16
-51
-226
-46
-93
-35
37
-53
-177
146
123
1
293
-76
9
55
-8
-13
25
-75
-112
-12
-30
-61
-11
-23
22
-10
-79
38
-39
-14
36
-94
69
-31
-7
-89
72
-21
37
-42
0
63
-75
51
1
7
79
48
49
5
-14
15
2
6
38
37
25
28
107
-67
-168
21
-52
-88
34
-82
-113
178
94
10
274
47
15
-21
36
-8
-82
-134
-89
-22
-44
-31
16
-17
9
-14
6
-61
-3
16
-30
-41
-7
9
-22
-42
19
7
-24
-9
34
-84
142
-40
11
85
1
53
28
9
-7
-7
-22
-5
-7
-6
10
31
22
28
-3
-24
-30
-94
-26
4
-84
157
120
-49
52
90
7
2
-24
-80
-76
4
56
-19
-47
14
-14
-23
11
-24
-77
20
-47
-34
50
-21
-32
15
2
-53
-16
61
-63
47
-28
29
-30
-2
84
32
75
-12
41
7
16
-45
-23
20
7
7
25
-13
44
-21
-30
9
-45
-31
-45
0
-22
140
27
-8
-26
26
-14
-8
10
-6
-6
-6
19
32
-35
-18
9
-16
29
-68
-11
16
-90
30
-22
16
-59
28
-5
-67
29
-14
-15
-9
-55
73
38
-48
70
115
0
42
8
-2
-49
-12
16
44
40
-13
3
7
-32
-12
-9
13
-28
-64
-4
7
-31
77
0
13
16
45
22
-20
22
3
-35
-28
0
-2
23
-21
-8
3
-14
26
-62
8
-87
-26
47
-51
-37
46
-62
31
3
-120
96
-24
25
11
30
-5
80
61
46
1
29
-3
-84
3
45
-22
-171
-94
104
181
-12
-80
53
12
2
-21
-29
-13
-3
-2
49
12
-112
116
8
9
-26
-34
100
1
-42
-35
24
20
2
0
-13
-28
-49
-6
-53
11
2
17
-47
-17
5
-7
-21
32
-35
-25
-20
67
0
67
54
45
26
-25
25
-13
-54
34
41
-280
-152
47
-4
215
184
-38
-21
-14
31
-21
-34
-2
13
3
-22
18
22
-7
46
-164
-266
-16
102
359
-4
-51
27
27
3
-1
-11
-15
-57
-12
-48
-22
-108
70
29
31
-98
14
5
2
-100
21
31
42
63
9
95
35
6
-1
-6
-5
-6
5
37
-368
53
243
-184
-70
381
-84
-53
51
-5
-30
-11
15
-10
30
-60
2
38
38
16
-400
-8
153
-152
111
356
-81
-29
13
34
1
17
-57
9
-54
-60
-11
22
-41
-14
-22
18
15
-101
47
-41
59
17
-36
37
75
57
22
39
0
4
-13
3
-6
35
-163
-58
48
4
72
88
-5
-18
-7
3
-18
7
-6
-18
12
10
-47
33
32
16
-390
59
104
-204
148
326
-67
-23
8
-7
7
8
13
-28
-66
30
-106
43
-57
5
-57
63
22
-78
70
-78
-53
64
11
73
15
63
39
-19
10
3
-4
5
11
-8
9
-5
11
-7
-7
5
4
6
1
20
-32
-10
11
14
-25
-10
12
2
25
32
-80
-68
-79
51
120
8
-2
-3
-2
-12
13
5
12
2
-44
-47
-90
34
56
-117
92
-13
-72
19
7
-11
-10
-9
23
3
53
51
19
-8
16
22
6
12
4
-7
17
-16
2
-19
9
2
24
54
35
-29
6
-55
13
39
2
-60
-26
-11
-1
16
8
-1
-2
10
-7
-23
-2
-5
16
7
18
-12
-24
-44
7
-46
-25
-30
-18
15
75
