-152
-3
21
8
-27
-24
-21
73
11
2
38
5
34
-10
44
49
-31
6
62
-54
-29
-35
-11
13
2
-8
24
3
20
26
16
-22
15
1
-18
19
-22
-22
-13
17
1
26
-4
17
-40
17
-18
-3
-27
-17
2
7
-8
-16
13
-26
12
6
-34
14
-91
0
49
-17
-21
-14
-16
47
56
1
15
30
13
-30
64
-2
42
18
-60
-5
-54
8
-33
38
1
15
53
0
11
72
-26
19
4
25
6
-74
-2
-16
-34
-23
-45
16
20
3
-4
59
-50
29
-27
-28
-10
-4
-14
19
-14
1
5
-18
-25
24
-62
-11
24
20
-30
-32
36
-6
47
33
-18
46
8
0
28
13
23
-37
-1
-47
10
-35
-15
21
45
77
107
-3
20
7
13
7
-2
1
-80
24
-49
-79
-23
-27
-49
-17
6
-18
45
22
-10
38
-38
22
-39
6
-15
3
0
33
-4
-33
-56
58
-63
13
42
38
-3
-71
-32
26
65
21
28
-37
22
37
8
16
37
-130
14
-35
-3
-18
-2
84
57
108
108
124
89
1
-124
64
17
-120
-142
5
-59
-34
-77
-64
22
-20
-53
-37
61
-18
40
51
-32
26
-22
-12
22
-34
27
-8
-3
-14
-4
-31
-33
13
30
42
57
-48
-67
32
30
50
15
-4
-26
35
17
29
-74
-62
-32
-5
-16
26
17
65
85
161
182
62
-17
45
-43
-42
99
-153
-93
68
-105
-25
-226
-36
36
-19
-25
-66
13
-25
48
26
-10
9
37
8
-11
1
-5
-10
-3
-28
-14
-41
13
32
-19
47
49
60
-119
43
8
16
46
-9
-49
16
58
-36
-36
-65
-30
-17
-3
34
23
90
143
113
148
1
-83
-3
-22
-82
134
-3
-67
59
-32
-76
-125
-139
17
3
-88
-13
-17
-44
26
7
17
1
5
55
-10
15
-9
30
-45
-13
-12
-4
-12
29
35
-31
74
102
-79
-17
22
4
26
0
-14
-51
71
-71
-26
-45
-63
43
46
-40
90
130
-13
-70
143
-99
-67
-9
-22
1
44
79
-8
-41
178
-162
60
-104
-49
-25
-5
-20
-67
-5
-36
28
24
55
-20
23
15
14
-12
-4
-31
2
-29
-17
32
34
19
0
46
91
19
-69
25
-52
44
-5
-48
12
-29
-38
17
-44
-87
35
33
-4
43
38
-24
-25
19
-13
-20
40
15
1
74
78
-15
-92
-72
16
21
35
24
-55
-9
-57
-29
-45
13
-18
22
30
-33
36
46
-11
-9
-2
7
-27
-19
-22
70
54
43
-8
57
10
56
-70
-24
-39
64
-30
-26
-29
4
-44
-50
-43
35
-3
-27
16
34
31
167
88
-45
137
-106
243
-1
35
128
-48
-113
60
-352
-135
-77
23
27
-9
126
-130
-48
0
-28
-62
49
6
15
40
39
0
-13
-6
-14
-28
-10
-45
132
6
1
113
59
-16
3
-39
-36
-83
100
-6
-104
67
-76
-37
-29
-6
-65
-5
57
0
223
181
269
33
68
-121
-70
39
80
112
17
-28
-40
-15
-53
-346
-242
-56
-26
23
15
-22
85
-100
-23
-28
-37
1
17
25
76
-12
36
-18
-71
24
13
-38
130
-14
39
47
152
-60
-3
-29
-70
-103
79
82
-96
-22
-86
6
-55
-48
-13
20
71
295
226
142
97
54
19
-62
-233
205
52
50
4
-18
-11
-62
17
-10
-329
-376
-73
-36
10
40
81
-15
-82
-47
-22
-40
40
49
41
21
25
-28
-8
-11
-10
-24
167
17
-8
9
145
9
-35
-71
-54
-45
4
44
32
-95
-30
-61
-39
-68
36
54
247
274
243
94
-13
11
4
-31
-170
72
73
28
2
-39
3
-1
31
12
-145
-413
-272
-26
-13
-20
25
97
-62
-49
42
-52
-19
35
16
46
-9
25
1
-10
-32
-30
249
24
-44
6
47
92
-37
-133
-5
-79
37
67
-124
26
-58
-41
-49
2
10
169
448
200
39
13
-15
-19
15
-7
-101
9
59
4
-50
35
-21
40
19
49
-23
-265
-477
-106
-12
10
-4
30
7
79
-95
-59
15
5
31
-16
16
48
-7
-23
-1
-45
267
37
32
16
-9
42
-54
-147
-37
29
-3
46
-16
-151
-30
-38
36
10
11
291
437
55
13
-7
7
-29
4
-133
-57
-30
68
129
-36
7
18
27
20
38
22
-149
-388
-311
-31
28
-4
-44
28
44
-54
2
-17
-4
-12
-4
-2
36
17
6
17
-48
238
76
62
-12
52
-52
-59
-128
-50
30
24
-10
2
-52
-82
-39
-7
18
104
468
249
-41
-95
-8
57
42
18
-203
53
77
-68
44
70
3
24
41
26
-18
12
-9
-277
-519
-64
28
-15
-18
44
-18
34
-41
-61
-4
15
45
29
19
-8
-20
-20
28
237
16
52
5
46
-18
-93
-121
-53
19
25
-45
24
-68
-41
-25
27
-5
160
543
147
-58
-28
-80
12
14
-122
151
-2
-49
-1
-20
15
13
28
29
-10
60
14
53
-230
-578
-112
44
-51
14
28
2
-8
-34
-25
-7
21
35
9
31
28
-8
-12
-12
310
1
-9
39
-28
1
-90
-107
-55
8
-4
15
-78
7
-35
-2
2
-18
207
547
145
-41
-88
-30
-153
-117
221
12
-120
-82
54
113
64
-192
-61
201
25
85
45
37
-168
-654
-66
8
0
-13
8
27
-10
-29
-9
-22
19
38
77
-28
20
-19
-4
13
274
-8
-8
11
75
14
-195
-68
-80
8
24
-19
-24
-27
-4
40
-51
-41
158
570
196
-59
-161
-186
-37
175
-57
-9
42
-29
41
-112
59
20
-22
-42
132
114
9
39
-327
-486
-63
-1
-4
59
5
-13
-17
18
-27
2
36
54
20
-20
-1
-4
-1
18
270
15
-71
27
104
-5
-168
-101
-51
-33
51
5
-42
-65
-20
63
-36
-57
80
470
303
-19
-82
-25
-69
12
68
78
-17
-13
39
16
31
-101
-205
73
55
78
47
-135
-584
-117
-14
17
0
-17
19
50
3
-45
24
31
28
33
-27
-5
24
19
-7
7
237
25
-13
-55
69
32
-166
-49
-93
-22
-20
-4
14
27
0
-19
-37
-43
-11
182
535
32
12
61
55
55
-37
-52
10
-58
55
19
31
30
-46
-26
14
-14
-227
-549
-118
3
7
-1
46
-16
-30
38
27
29
5
8
-4
9
0
26
10
13
4
1
237
5
-26
19
46
-30
-163
-33
-51
-57
-28
-5
-19
34
13
-12
-20
-33
-13
-29
291
280
143
178
47
40
-18
-45
-16
-80
30
37
16
36
3
-46
-295
-432
-233
0
27
47
39
-28
39
-13
26
-3
22
-17
3
17
-4
17
51
-8
-3
-5
14
8
213
45
1
-31
79
-85
-100
-58
-43
-29
-55
25
21
-22
8
-26
-33
-18
-57
-16
41
5
-41
123
474
299
56
2
-5
-105
-4
37
27
40
-89
-568
-255
15
-50
20
18
13
-101
56
16
30
-9
66
30
-30
-13
17
20
23
25
-16
-5
16
-5
15
270
-14
25
-34
-3
-22
-72
-105
-55
-22
0
10
-36
-16
23
11
-59
-39
-172
96
-1
-93
140
-3
30
578
317
43
3
-92
-58
75
10
12
-256
-594
-79
10
-26
-85
14
42
74
-100
104
-25
54
30
-27
35
10
13
31
6
-3
10
-43
28
20
-4
253
19
-2
23
-20
-84
-54
-99
-39
-7
0
24
-16
-18
2
-38
-26
-50
-73
-117
187
-50
80
-82
39
166
661
117
7
-87
-149
184
1
-10
-533
-329
-59
-45
132
-95
-57
58
-22
-16
35
7
91
13
38
-15
-31
60
14
-13
0
-12
27
-15
-4
23
249
0
1
-22
-68
-29
-26
-45
-35
-27
1
-13
-10
-22
12
0
6
-140
-83
-42
98
-36
124
-48
-9
117
539
285
46
-120
-164
164
37
-6
-715
-120
-110
20
71
-103
-113
89
8
18
-4
122
65
13
-4
-21
3
-15
28
-19
30
17
-2
-5
-10
7
258
9
-17
-32
-27
-64
-23
1
-71
-22
25
-7
-11
-19
-21
-23
15
-170
-106
95
-69
158
-1
40
-48
10
420
492
35
-117
-177
133
118
-58
-728
-115
-45
15
-15
31
-131
-71
146
-116
116
112
24
26
8
-28
9
0
20
20
-9
0
8
-11
-4
17
221
3
13
25
-56
-92
-53
-11
-18
-3
2
-5
-31
-11
-5
1
-38
-170
-83
79
30
89
-62
96
-58
22
228
668
26
-107
-235
272
80
-64
-833
-47
-38
5
-7
40
-3
-187
59
-15
18
211
-10
-1
16
-10
-16
6
33
7
19
-37
37
-16
12
-11
233
-18
-16
-32
-28
8
-49
-33
-23
7
-1
4
-7
-8
-10
-4
-182
-130
70
-19
163
-26
-35
44
-38
54
196
703
38
-125
-181
169
134
-10
-816
-179
1
16
7
-28
44
-135
-55
78
-107
279
59
-47
-13
28
-54
15
38
20
-5
-1
11
-28
20
16
210
-55
-13
-25
-8
-57
-17
2
-29
16
2
-6
15
-16
-19
14
-196
-181
154
-54
200
-74
31
53
-87
53
393
516
12
-105
-247
47
286
19
-681
-340
41
-19
45
-41
17
36
-169
-31
2
196
87
-5
-42
-13
16
38
15
3
-16
18
10
-30
-2
9
208
-13
-34
-35
14
-47
-13
-41
11
-7
14
11
-18
-11
3
-35
-236
-26
80
-13
95
-28
53
-9
-46
26
604
343
22
-171
-278
23
314
81
-444
-562
93
-97
82
-20
-16
93
-162
-114
45
104
147
3
-38
29
2
15
-5
4
-2
9
-17
-3
5
-15
185
-11
-25
24
-31
-8
-17
-6
-31
-2
-10
13
4
-25
8
-50
-323
109
-11
70
47
-49
59
-52
39
-6
874
112
-25
-172
-459
171
268
179
-168
-833
98
-86
50
47
-98
47
-48
-134
-17
41
267
-12
9
-48
5
2
30
28
-20
1
11
-43
28
8
173
-54
-17
7
-24
4
-9
-15
-1
-8
9
-4
-3
-11
7
-87
-305
163
-97
137
21
-69
20
-26
127
9
912
22
-4
-172
-420
-143
523
192
-30
-924
-32
2
-9
70
-73
24
-29
-150
-43
42
217
85
-38
-29
29
26
8
23
1
-28
11
-11
-7
12
124
-24
1
-37
-6
15
-26
12
-3
-7
9
5
9
-7
-16
-201
-171
88
-85
157
10
-16
45
-39
101
109
842
12
-44
-171
-521
208
414
45
-7
-807
-183
56
-48
47
23
-59
-34
-78
-67
13
184
115
-27
5
9
-7
25
12
9
18
-19
-18
-10
38
56
-15
18
0
-14
-4
15
-10
-10
-2
-2
16
-8
6
-12
-287
-44
-9
-11
88
36
58
-18
-22
50
229
726
33
-37
-139
-391
165
318
13
7
-707
-310
126
-90
103
-39
-97
14
-20
-101
-9
185
114
-48
19
22
-17
12
5
21
-30
25
33
-35
26
98
-46
-4
-7
-3
-4
0
-13
-3
10
2
17
-2
3
-22
-327
25
-99
75
61
5
97
-79
72
-11
287
649
92
-54
-108
-287
4
309
67
-7
-684
-332
132
-67
30
33
-111
-15
4
-59
-81
168
140
4
19
-35
-12
18
0
11
6
19
4
6
-2
35
16
-13
14
21
-11
-29
9
-19
7
6
2
11
3
-27
-330
39
-103
98
65
-13
73
-61
108
-23
190
622
143
31
-142
-378
89
324
43
0
-640
-390
114
-3
-61
31
-88
-28
66
-50
-128
134
228
-27
7
-9
-30
41
-33
2
33
-1
5
19
2
123
-41
-8
-21
4
44
-70
22
1
15
-30
26
-7
-19
-31
-365
61
-25
94
2
25
40
-26
137
-150
237
626
145
52
-110
-466
220
272
20
12
-621
-434
93
71
-104
-8
-53
-63
64
-43
-58
23
271
-2
3
7
-23
-8
53
-21
6
19
-11
17
-15
112
-36
15
-8
26
-10
-27
16
-25
-13
17
-42
48
3
-41
-356
9
60
51
-76
75
36
28
91
-149
247
674
125
27
-67
-301
96
142
50
-18
-577
-391
17
108
-84
-44
-41
-38
-18
52
-83
6
280
14
13
-25
-38
54
-8
-8
16
3
9
-21
40
90
-10
27
-37
2
25
-4
-16
-26
11
12
-17
-12
20
-25
-274
-146
60
73
-45
56
47
35
53
-126
202
783
68
33
-71
-317
108
178
33
-11
-595
-357
-51
79
-15
-35
-12
-48
-70
20
-33
-23
257
73
-39
3
13
19
-10
44
-20
15
43
-40
25
54
-8
26
-7
-16
19
2
-4
-24
-8
0
-14
9
-14
13
-179
-223
32
-3
9
62
52
43
-20
-45
131
824
64
57
-64
-164
-2
170
39
-104
-595
-296
-14
-5
15
-22
-6
-60
-82
4
4
-41
251
61
-46
3
17
41
14
-15
44
-27
-4
13
10
120
-13
-6
2
10
-28
26
-15
-18
-14
27
5
-54
-15
3
-79
-309
70
-50
32
70
42
35
-37
-23
111
880
35
29
-13
-95
-14
115
26
-80
-544
-333
-66
-26
37
-39
-4
-51
-81
-41
71
-59
242
34
9
44
8
-22
17
-5
70
-40
-2
33
16
67
5
-1
-27
-14
46
-18
-15
-2
11
-18
-19
-16
8
-17
-25
-317
33
-67
67
61
16
18
-55
41
77
872
-35
127
-37
-130
35
127
17
-107
-508
-339
-43
-35
-45
9
-1
-40
-85
-39
58
-14
238
31
-6
38
-32
15
8
26
75
-35
-14
-9
45
37
1
37
-37
34
-6
-34
15
-29
-14
12
-8
8
-27
-4
-3
-329
34
-67
85
33
-13
26
-20
30
78
856
-25
88
-7
-47
-15
86
-18
-155
-460
-326
67
-108
-50
-29
-15
12
-50
-57
27
169
111
-32
7
7
8
46
3
17
-5
6
14
-6
-5
77
27
-5
9
-6
-14
42
-28
4
-14
-26
-27
-2
-9
-13
-21
-143
-122
-69
100
20
-37
25
15
64
61
760
25
67
-39
4
27
59
2
-194
-360
-450
92
-63
-44
-66
-34
16
-5
-46
-36
239
54
-4
8
24
20
18
1
19
13
24
-29
27
-6
51
21
-1
0
-25
20
9
-42
47
-48
-9
-15
-2
-34
-20
26
10
-320
-15
70
-25
6
53
29
79
-15
696
104
89
-108
34
-1
105
-17
-135
-349
-510
92
-8
-85
-68
-67
17
98
-64
-50
185
105
3
-17
30
-4
32
21
-6
16
-7
-2
46
-27
68
-9
-5
8
24
14
-43
-9
3
-3
-13
17
-33
-32
-8
9
-13
-356
60
47
-92
65
69
28
103
-62
666
67
162
-100
53
5
119
-76
-114
-487
-368
37
18
-41
-97
-54
-32
126
74
-27
131
0
1
14
-18
32
46
-38
-8
39
-15
4
41
-29
115
-28
3
-4
-12
15
22
-29
-13
18
-7
33
-20
-28
-24
-43
-11
-258
27
-17
-89
61
36
81
53
-57
680
9
154
-143
-38
145
171
-123
-152
-380
-348
36
-29
-18
-46
-42
-52
-22
98
208
23
-10
30
2
12
5
-21
3
27
-22
12
-29
25
-25
136
-1
14
8
-14
19
-13
15
-55
0
23
-25
-1
16
-21
-30
-32
-15
-20
-346
-1
104
80
14
-7
19
560
-29
204
-132
54
189
75
-164
-120
-418
-239
6
-16
-56
-55
50
76
-62
-42
158
90
15
50
8
-10
-24
27
-34
5
4
-5
11
12
-39
126
5
-1
-10
1
-11
18
-16
-23
30
-3
-21
5
-25
-10
-4
-48
17
-59
-194
75
3
-131
37
25
38
401
-54
252
-28
3
248
42
-246
-252
-97
-211
-1
-61
-51
-86
-50
52
203
106
31
-4
-1
17
6
-1
-14
27
-46
51
-28
-15
18
-10
-14
112
-4
-11
8
-22
9
27
-29
0
-6
-24
20
-11
-30
-38
29
23
-33
35
-33
-200
-194
24
48
14
69
248
20
179
80
-74
86
223
-172
-311
11
-265
65
-12
-59
-29
1
15
122
88
3
-9
25
17
-2
-36
6
29
-23
6
-3
4
31
-32
9
102
-12
-24
4
-9
6
-12
1
-25
-9
-6
16
2
-10
-2
-11
-22
-3
7
42
-9
-55
-19
-24
-89
46
142
-23
85
137
-44
162
48
-212
-188
53
-279
-89
7
28
-44
13
97
141
53
-21
41
14
2
-28
-7
-7
-26
42
-10
22
-13
11
21
-29
114
-25
27
-32
-6
-5
-18
38
-26
-20
1
-30
9
-8
-7
-3
-28
0
51
15
14
31
-20
-7
-32
-36
-41
61
39
157
75
32
50
-219
-224
34
9
-94
-39
26
61
95
61
-34
-82
-2
32
0
18
7
-9
4
9
-26
32
16
-33
-10
33
-8
57
4
-2
-2
-9
-24
23
-16
4
11
-43
14
-13
-11
-11
-24
-42
48
26
-25
-13
-10
-3
60
-35
-3
15
17
108
40
39
50
4
-153
-166
25
29
3
15
13
-20
27
19
3
-10
-69
21
4
-3
8
-15
26
1
-28
33
-4
15
-36
19
-8
90
-6
-4
16
-3
-25
6
10
-24
-6
9
-45
4
-40
-1
-42
5
38
-32
52
-4
31
-17
-1
-2
-9
-13
10
95
69
31
-43
54
-121
-99
35
-51
-33
-3
14
11
-10
28
6
27
-10
8
6
-14
-9
12
-18
7
-17
52
13
-38
35
-4
-17
75
2
7
35
-33
-48
7
15
-6
-4
-17
-23
-28
-3
-39
-20
55
17
25
6
235
41
-49
-186
-2
30
-55
-41
91
-22
1
-5
13
48
-139
-10
125
-58
-7
7
40
39
-127
-37
-7
52
-26
9
1
-7
-5
8
29
-14
9
-8
-15
-21
42
23
70
-27
-7
-2
6
-21
12
-14
13
-22
-5
-19
-20
7
-30
-11
10
40
-23
347
205
-50
15
-276
-178
8
-65
82
-6
-9
-16
-7
-4
57
3
-110
64
7
-24
106
274
-27
-26
-364
27
-7
-53
-14
39
-14
7
-4
34
-6
15
24
-4
-30
-4
1
95
-18
4
-17
13
-19
-13
-25
1
-2
24
-2
-19
14
-2
-34
-7
39
-61
455
-23
-311
287
15
-407
-10
34
43
5
-13
-18
-10
-10
33
74
-61
-73
67
-65
368
12
-101
156
-158
-297
36
-18
-22
32
-20
1
19
15
7
-26
34
4
11
5
6
25
-13
12
-5
14
-39
9
-23
3
-3
24
-14
13
-5
-14
9
-10
13
-37
179
120
-70
12
-95
-123
-20
44
7
-9
-14
-50
-10
14
35
25
41
-102
-7
13
352
-57
-60
151
-165
-262
47
-18
37
4
-19
12
-24
-2
1
5
40
-8
-4
12
8
46
-27
31
-49
3
11
-24
-15
12
8
6
-30
5
30
1
9
6
-7
-3
8
-7
9
-4
2
3
-9
-13
-1
-56
39
-11
-15
-1
35
18
0
-12
-26
17
47
39
55
-2
-109
-21
-9
-3
5
-12
25
4
-15
-42
-8
23
44
-39
-16
55
-60
75
-1
-10
-10
20
-21
-11
-16
12
-10
6
7
-25
22
-13
15
-11
-2
1
15
-5
11
-1
8
-2
-8
-68
-42
34
-13
6
36
-62
11
46
35
15
-15
-33
24
3
-8
18
9
2
-4
3
-12
11
-33
27
21
-17
5
-10
-9
26
16
-23
-32
