934
931
952
960
933
909
888
961
972
974
1012
1017
1051
1041
1085
1134
1103
1109
1171
1117
1088
1053
1042
1055
1057
1049
1073
1076
1096
1122
1138
1116
1131
1132
1114
1133
1111
1089
1076
1093
1094
1120
1116
1133
1093
1110
1092
1089
1062
1045
1047
1054
1046
1030
1043
1017
1029
1035
1001
1015
924
924
973
956
935
921
905
952
1008
1009
1024
1054
1067
1037
1101
1099
1141
1159
1099
1094
1040
1048
1015
1053
1054
1069
1122
1122
1133
1205
1179
1198
1202
1227
1233
1159
1157
1141
1107
1084
1039
1055
1075
1078
1074
1133
1083
1112
1085
1057
1047
1043
1029
1048
1034
1035
1040
1022
997
1021
959
948
972
992
962
930
966
960
1007
1040
1022
1068
1076
1076
1104
1117
1140
1103
1102
1055
1065
1030
1015
1036
1081
1158
1265
1262
1282
1289
1302
1309
1307
1308
1228
1252
1203
1124
1101
1074
1025
1008
1014
996
1041
1063
1053
1091
1053
1075
1036
1042
1027
1030
1030
1063
1059
1026
970
1028
965
978
1020
1058
1055
984
952
978
1043
1064
1092
1055
1077
1114
1122
1138
1175
1045
1059
1024
1021
1003
1001
1085
1142
1250
1358
1482
1571
1572
1448
1512
1529
1409
1267
1272
1213
1179
1102
1038
1060
1040
987
950
1011
993
1033
1084
1052
1078
1056
1044
1066
1032
1059
1051
1048
1034
1030
999
966
979
1009
1051
1108
1060
993
1025
1055
1105
1120
1116
1090
1125
1142
1171
1097
1035
1003
998
982
1008
1025
1090
1175
1336
1518
1580
1563
1608
1565
1523
1622
1469
1376
1444
1339
1314
1088
1052
1088
1069
1044
978
991
966
1014
1040
1030
1039
1076
1084
1073
1074
1069
1059
1056
1028
1014
973
986
1018
999
1046
1095
1155
1036
1079
1087
1103
1149
1140
1091
1107
1165
1129
1093
1028
998
981
978
1012
1035
1125
1268
1381
1529
1530
1447
1444
1422
1340
1474
1471
1404
1463
1431
1355
1230
1091
1108
1111
1023
1010
993
949
975
982
999
1000
1005
1060
1050
1065
1056
1086
1041
1028
1016
1012
1000
1029
1064
1033
1107
1209
1130
1113
1135
1139
1165
1165
1151
1100
1171
1100
1074
1029
966
1009
1055
1015
1105
1235
1222
1152
1295
1196
1129
1120
1098
1099
1143
1222
1214
1173
1351
1189
1249
1145
1096
1071
1066
1046
979
974
938
966
990
1045
1025
1048
1063
1077
1065
1061
1030
1032
1003
986
1018
1052
1071
1071
1117
1208
1227
1158
1183
1131
1175
1170
1122
1134
1105
1067
1084
1040
953
988
1021
1017
1060
1098
1074
1049
1068
1055
1035
1075
1090
1091
1165
1243
1228
1136
1064
1080
1101
1136
1160
1105
1096
1039
1010
965
978
960
982
1012
979
1015
1061
1050
1041
1039
1046
1019
1000
978
1048
1102
1145
1137
1194
1204
1260
1190
1166
1127
1191
1161
1135
1106
1110
1066
1016
973
1008
1005
978
994
1028
1059
1226
1314
1269
1406
1300
1543
1542
1577
1705
1657
1544
1604
1252
1117
1040
1063
1090
1081
1207
1077
1029
1029
1001
939
988
994
1009
1049
1088
1088
1075
1069
1055
1027
1017
972
1104
1110
1111
1224
1283
1267
1270
1231
1195
1112
1212
1206
1102
1169
1093
1056
1027
1021
956
951
1008
1008
1231
1412
1681
1714
1782
1661
1591
1630
1710
1822
1839
1811
1771
1756
1703
1357
1115
1059
1033
1056
1071
1049
1134
1034
1011
983
946
947
964
989
1065
1053
1089
1071
1000
1024
1037
999
1129
1115
1154
1201
1353
1293
1290
1261
1191
1088
1167
1249
1153
1131
1045
1051
996
948
935
955
1026
1321
1547
1689
1786
1840
1859
1797
1564
1769
1821
1871
1875
1857
1846
1784
1801
1791
1462
1086
1013
977
987
1027
1108
1093
1011
964
942
902
942
991
1032
1053
1078
1050
1042
1031
1021
997
1164
1181
1173
1182
1327
1336
1301
1230
1176
1131
1135
1179
1211
1116
1086
1025
986
918
954
1008
1255
1529
1772
1866
1853
1864
1868
1837
1667
1739
1812
1840
1842
1803
1806
1805
1836
1848
1703
1290
1018
992
979
959
984
1081
1019
970
1012
960
941
976
992
1038
1029
1054
1055
1045
1013
983
1232
1256
1212
1218
1265
1357
1320
1187
1182
1103
1140
1207
1083
1109
1051
1010
961
963
973
1142
1590
1790
1829
1842
1827
1808
1823
1816
1715
1724
1783
1787
1737
1772
1751
1791
1810
1859
1836
1571
1094
988
976
986
982
1012
1019
1098
1003
944
959
964
995
979
995
1043
1036
1013
1012
967
1234
1271
1303
1319
1310
1352
1298
1151
1114
1143
1140
1186
1170
1019
989
951
987
997
1008
1299
1736
1791
1804
1797
1804
1775
1779
1646
1589
1559
1627
1756
1720
1727
1745
1772
1792
1830
1852
1703
1315
1004
973
1001
997
953
981
1025
971
973
956
952
940
936
934
970
987
993
1010
962
1200
1276
1338
1326
1378
1326
1267
1139
1089
1119
1143
1133
1135
1083
1001
962
955
973
1077
1545
1794
1753
1658
1650
1707
1749
1767
1564
1617
1694
1626
1670
1740
1743
1767
1808
1834
1816
1828
1819
1542
1023
959
987
972
954
998
980
1014
973
912
908
923
968
997
1016
1008
988
968
996
1233
1249
1301
1306
1352
1334
1241
1120
1067
1086
1111
1066
1090
1022
981
956
983
978
1138
1681
1828
1770
1742
1662
1674
1688
1566
1717
1715
1666
1665
1645
1660
1673
1701
1730
1720
1780
1794
1847
1617
1039
927
971
920
934
962
964
956
922
897
890
911
946
955
986
1014
1006
994
982
1292
1293
1284
1323
1295
1296
1206
1099
1044
1052
1048
1063
985
992
957
955
957
939
1146
1693
1838
1797
1709
1679
1526
1409
1630
1642
1522
1440
1494
1607
1671
1479
1418
1619
1644
1729
1774
1811
1643
989
923
931
931
918
926
953
943
914
905
883
902
940
1017
989
1009
990
986
999
1273
1265
1257
1268
1343
1357
1162
1094
1014
1022
1046
1027
1003
976
972
1012
961
920
1078
1648
1844
1785
1624
1438
1401
1576
1519
1510
1552
1523
1564
1452
1511
1531
1509
1467
1599
1713
1722
1761
1434
948
885
884
880
939
944
931
914
932
905
907
943
997
1017
997
996
992
991
1009
1279
1294
1223
1250
1354
1349
1181
1080
1029
996
1047
1052
1010
945
925
988
952
895
975
1445
1748
1729
1647
1622
1553
1565
1633
1711
1694
1681
1720
1736
1767
1666
1461
1534
1589
1667
1714
1579
995
878
864
881
881
864
883
933
936
891
915
946
974
1007
980
975
999
1018
1011
1018
1255
1280
1267
1212
1281
1313
1147
1098
1005
983
963
959
973
1000
1000
981
944
901
890
1072
1607
1639
1651
1712
1767
1822
1785
1733
1743
1685
1740
1759
1790
1820
1774
1748
1762
1748
1521
972
854
857
864
863
909
893
863
901
928
957
962
970
966
975
975
1001
1011
1024
1028
1029
1266
1271
1245
1264
1310
1280
1117
1084
1033
976
948
943
924
958
971
959
939
906
893
864
1155
1435
1578
1756
1803
1843
1825
1780
1764
1684
1714
1751
1767
1803
1806
1760
1465
1033
800
800
827
874
913
885
924
911
937
934
956
939
942
959
955
972
1023
1015
1012
1007
1021
1029
1242
1287
1288
1257
1336
1251
1151
1093
1050
1021
966
991
1012
990
998
972
939
921
864
848
889
894
853
976
1450
1749
1805
1807
1802
1697
1693
1730
1757
1797
1708
1140
885
900
850
870
888
901
800
856
872
902
893
959
989
959
946
963
983
1006
1031
1015
1010
1026
1021
1036
1306
1292
1317
1283
1280
1258
1186
1081
1026
1004
1004
1014
978
962
985
996
937
898
726
822
821
728
868
865
895
1473
1790
1833
1836
1744
1686
1761
1771
1783
1527
933
854
864
838
753
767
809
883
783
887
862
916
946
919
954
964
977
1008
1014
1011
1021
978
1006
1026
1022
1275
1294
1292
1315
1295
1211
1157
1058
1019
1012
1012
1036
1020
1002
1004
966
940
890
817
700
887
837
917
835
874
1040
1701
1818
1825
1738
1589
1773
1774
1764
1231
902
843
798
930
835
778
836
814
798
833
840
931
944
982
967
936
996
1010
997
997
985
1012
997
993
1016
1265
1265
1266
1244
1176
1147
1121
1076
1041
1014
1015
1002
992
970
982
982
988
848
765
723
821
785
909
861
852
969
1508
1793
1839
1719
1555
1719
1756
1750
1035
915
805
825
896
793
680
769
777
795
791
913
978
991
987
966
969
954
982
963
993
1010
1008
1003
993
1000
1258
1267
1250
1218
1191
1127
1104
1105
1034
1012
1037
1030
1019
1000
979
956
971
801
695
790
721
879
878
918
870
880
1300
1792
1827
1710
1533
1666
1784
1726
998
883
838
853
838
869
738
667
813
697
813
925
949
975
983
955
964
964
984
1004
995
995
1003
992
988
1005
1226
1229
1242
1267
1211
1119
1066
1055
1037
1034
1036
1031
1000
989
984
985
947
777
694
773
803
892
830
926
868
890
1118
1786
1812
1705
1470
1742
1822
1758
925
878
840
845
838
878
875
688
747
732
750
961
951
950
966
956
940
946
979
986
1005
968
1005
989
1001
990
1223
1205
1189
1157
1129
1137
1088
1055
1032
1039
1038
1042
1035
1027
1017
1013
831
701
771
752
915
889
854
898
860
914
1110
1813
1851
1726
1545
1714
1848
1838
1022
843
844
860
867
839
883
748
693
771
664
943
1002
955
942
970
916
931
969
989
984
983
994
966
986
1002
1212
1157
1144
1119
1111
1054
1037
1039
1010
1026
1028
1022
1037
1021
1002
1016
820
639
793
739
939
865
896
949
862
915
1308
1824
1836
1731
1484
1531
1817
1836
1155
815
856
837
882
841
858
894
725
694
696
892
979
974
932
919
935
973
988
991
975
993
1003
973
971
980
1188
1175
1141
1106
1120
1073
1060
1019
1030
1023
1037
1048
1030
1019
1022
987
751
725
805
792
887
859
912
903
857
883
1487
1830
1852
1681
1403
1426
1740
1821
1377
815
908
811
893
873
857
950
788
674
719
823
970
973
935
964
966
981
976
980
978
987
970
967
972
957
1142
1131
1106
1130
1099
1091
1074
1068
1037
1035
1025
1038
1042
1017
1025
975
652
761
750
820
867
818
877
825
864
858
1732
1844
1819
1647
1188
1359
1627
1806
1638
805
903
817
867
914
816
863
815
681
664
705
972
960
969
921
926
928
958
986
966
967
978
935
963
971
1144
1090
1073
1080
1056
1060
1051
1036
1035
1027
1036
1032
1029
1018
1025
938
633
796
699
836
857
788
808
782
909
918
1830
1852
1848
1676
1256
1113
1636
1828
1798
874
842
844
835
905
832
856
827
677
634
676
893
978
940
911
940
966
974
997
998
970
981
970
963
975
1099
1075
1076
1039
1033
1048
1022
1034
1031
1024
1033
1038
1047
1040
1024
823
652
740
655
812
822
806
851
812
913
1022
1864
1876
1832
1661
1140
1348
1762
1807
1800
993
810
866
818
865
888
829
795
717
650
663
847
962
935
940
949
942
967
979
988
1006
987
969
959
997
1053
1038
1056
1056
1042
1038
1053
1043
1033
1031
1029
1045
1037
1043
1031
744
700
691
680
768
804
862
844
822
872
1101
1827
1860
1823
1684
1293
1458
1776
1789
1796
1089
779
905
815
918
879
782
796
776
675
666
851
965
917
936
958
941
953
958
979
949
974
1007
972
998
1096
1050
1046
1039
1036
1032
1032
1019
1016
1026
1028
1045
1043
1046
1024
697
722
623
698
759
764
861
782
854
843
1130
1779
1871
1817
1709
1422
1426
1735
1802
1795
1111
779
911
844
874
907
796
781
785
726
645
813
953
957
976
941
929
947
947
958
964
983
987
993
991
1026
1042
1029
1043
1064
1053
1024
1033
1014
1021
1027
1029
1040
1043
1016
686
725
622
720
785
772
845
784
892
869
1059
1681
1824
1855
1713
1335
1424
1748
1791
1791
1151
761
875
872
811
842
754
726
792
742
614
748
976
949
956
947
917
958
925
927
960
959
964
983
985
1108
1067
1059
1038
1042
1086
1016
1038
1039
1054
1024
1050
1043
1024
993
628
689
664
758
760
785
825
799
936
786
1023
1649
1794
1846
1736
1270
1490
1762
1782
1794
1173
739
832
903
799
791
738
675
739
696
638
661
932
930
933
940
917
909
962
941
947
966
955
972
957
1069
1033
1048
1040
1066
1056
1029
1045
1020
1007
1024
982
1030
1033
992
636
645
705
756
680
755
791
819
910
761
1008
1682
1807
1834
1767
1466
1562
1704
1754
1736
1159
768
785
893
809
765
724
686
668
720
637
643
923
937
950
925
887
941
933
925
941
944
953
932
972
1062
1052
1079
1042
1044
1069
1065
1049
1023
1034
1046
1029
1017
1037
1012
738
592
652
725
680
736
783
818
871
745
947
1730
1798
1831
1760
1443
1551
1729
1762
1751
1156
799
748
827
812
777
765
717
647
667
634
611
868
941
902
905
918
937
927
971
951
966
1009
969
994
1048
1040
1066
1059
1043
1062
1064
1060
1036
1028
1028
1014
1023
1009
1022
843
620
652
649
658
720
772
815
795
750
881
1705
1769
1826
1762
1598
1596
1766
1805
1701
1106
810
796
791
806
784
778
718
636
640
644
603
854
915
869
872
889
930
944
929
973
946
942
955
965
1085
1072
1066
1068
1078
1050
1076
1061
1043
1029
1056
1061
1007
992
995
916
607
677
627
659
729
771
806
769
746
857
1737
1772
1801
1788
1693
1679
1794
1820
1740
1196
863
797
771
808
769
765
714
633
592
663
604
846
880
889
933
941
919
936
931
1001
961
959
992
1008
1075
1080
1079
1052
1038
1084
1066
1051
1049
1060
1042
1023
1007
1015
998
973
656
689
622
689
750
766
784
729
770
847
1719
1684
1811
1774
1644
1679
1806
1823
1716
1208
869
826
791
746
755
754
714
629
590
648
634
872
903
897
935
903
918
926
952
1027
992
978
969
1014
1051
1052
1089
1052
1086
1080
1046
1061
1032
1018
1030
1022
1030
1003
999
996
667
701
634
719
752
739
765
745
775
853
1709
1684
1772
1765
1718
1703
1789
1771
1616
1156
830
897
789
739
710
695
707
657
600
627
796
907
875
882
889
897
943
946
963
958
964
978
972
967
1044
1071
1066
1075
1069
1055
1097
1069
1073
1059
1033
1006
1004
995
982
961
818
696
627
727
747
710
735
750
814
875
1635
1660
1727
1688
1692
1719
1778
1780
1586
1226
776
868
805
761
695
661
677
672
626
590
829
883
879
887
911
931
949
950
969
982
1006
977
1004
998
1049
1070
1069
1069
1044
1064
1073
1031
1078
1030
1021
1006
1004
970
950
976
986
666
651
721
696
702
755
784
863
848
1544
1648
1737
1629
1663
1662
1767
1750
1615
1266
756
848
840
755
687
620
637
735
671
621
806
911
914
897
927
923
955
976
970
986
979
977
1023
996
1064
1055
1050
1058
1082
1096
1053
1044
1047
1044
1031
1048
1015
983
975
984
971
615
675
722
630
695
764
792
895
833
1499
1566
1728
1628
1681
1686
1805
1729
1615
1128
760
797
815
774
677
623
591
717
791
764
895
895
896
910
892
924
970
932
924
963
948
952
993
964
1079
1051
1054
1050
1038
1053
1075
1046
1033
1051
1044
1077
1057
1029
1005
962
951
693
720
703
614
675
711
792
845
788
1468
1477
1631
1488
1450
1595
1766
1643
1491
1111
763
799
770
752
706
664
612
590
688
896
919
909
939
941
953
958
937
940
967
945
957
928
953
928
1064
1063
1077
1085
1071
1090
1077
1092
1037
1037
1060
1035
1034
1050
1029
999
967
952
932
586
585
689
769
783
776
795
1355
1326
1530
1398
1452
1641
1716
1552
1432
1014
775
781
765
709
654
704
780
718
676
834
924
939
989
997
987
963
990
956
961
965
960
971
983
944
1070
1075
1074
1064
1065
1054
1072
1056
1033
1063
1060
1039
1044
1019
1009
1005
957
974
915
721
796
799
668
705
730
768
1169
1115
1367
1339
1342
1590
1632
1386
1134
1037
826
825
764
713
627
577
629
832
938
969
965
964
981
987
986
972
999
953
1004
976
961
979
969
955
1067
1063
1052
1060
1038
1047
1074
1045
1045
1039
1015
1035
1024
994
956
985
1008
975
1010
977
777
583
607
655
669
738
986
1006
1185
1265
1191
1277
1500
1328
1017
1028
763
828
816
757
728
729
744
866
954
957
948
973
990
988
952
958
987
964
970
967
971
1002
970
979
1081
1069
1045
1049
1040
1046
1034
1035
1010
1001
995
1011
1013
1003
1001
990
968
965
972
1014
1005
950
931
907
818
864
1006
983
1068
1205
1161
1323
1371
1159
971
1024
745
656
663
691
647
660
757
898
951
930
971
985
987
959
952
945
919
961
951
973
960
971
992
963
1077
1052
1079
1047
1041
1036
1018
1056
1030
1010
1011
981
990
982
975
972
944
944
995
1010
1024
1055
1035
1028
996
960
919
980
1019
1176
1251
1283
1333
1114
890
924
933
839
800
826
887
982
1043
1009
927
925
957
957
975
982
973
977
986
960
992
1008
975
965
998
990
1047
1051
1049
1047
1038
1014
1037
1021
1025
1036
993
1007
994
983
972
948
906
954
980
955
942
932
929
989
954
951
966
983
1091
1131
1170
1220
1224
1071
905
930
959
962
977
990
970
997
1016
1019
1009
940
961
965
962
970
955
981
982
954
987
983
998
962
981
973
1063
1057
1053
1069
1066
1041
1047
1057
1033
1027
1036
991
995
955
954
912
917
955
923
975
971
1002
985
984
982
973
960
970
1065
1134
1165
1122
1176
1055
956
991
940
907
904
918
929
919
947
953
980
970
978
984
970
961
973
955
962
945
997
1010
972
1007
1003
986
1061
1063
1070
1105
1072
1024
1031
1046
1040
1036
1019
996
968
965
926
906
961
978
1003
1009
1244
1285
1236
1050
1048
1078
1023
982
1073
1051
1052
1047
1060
1108
969
959
1084
1026
1019
1026
1066
1105
978
941
934
986
960
969
970
963
958
966
995
981
990
982
967
946
988
1011
1081
1054
1047
1045
1051
1030
1042
1028
1041
1019
1014
995
975
982
952
941
951
991
968
1315
1520
1470
1485
1209
1031
1039
974
1056
1050
1041
1025
1018
1014
1071
1074
964
1028
1035
1011
1117
1391
1364
1338
974
1001
994
941
927
966
952
959
955
989
983
998
1022
1018
988
984
985
1080
1062
1066
1049
1062
1043
1030
1005
1006
1004
1028
1026
1007
1021
1019
985
978
1017
956
1411
1388
1077
1364
1379
972
962
996
1039
1044
1031
1013
1003
993
1026
1100
1039
966
1033
968
1336
1348
1247
1403
1245
948
984
966
944
976
956
957
976
991
998
972
1006
1010
1021
1026
1032
1057
1044
1056
1051
1065
1026
1035
1012
1015
1012
1036
1022
1035
1030
1016
1025
1015
1028
991
1170
1290
1220
1232
1137
1014
994
1038
1045
1036
1022
972
962
976
1011
1036
1077
975
968
981
1333
1276
1216
1367
1202
940
987
969
1006
1010
991
1003
979
977
978
983
1023
1015
1011
1023
1031
1077
1050
1081
1032
1035
1046
1022
1007
1019
1027
1033
1003
1008
1038
1039
1048
1054
1047
1044
1052
1045
1054
1050
1052
1055
1046
1033
1032
976
1015
1004
989
988
1023
1041
1041
1029
1003
1020
1067
1106
1161
1159
1050
1029
1020
1017
1022
1010
1035
1039
1024
982
974
997
1041
1002
986
1041
981
1056
1055
1045
1035
1055
1034
1023
1007
1019
1009
1015
1022
997
1019
1006
1021
1010
1008
1009
1024
1019
1030
1029
1037
1035
1027
959
917
951
938
944
980
918
929
975
1010
1025
1010
977
1001
1004
996
1014
1023
1025
1021
1024
1012
1023
990
1017
1038
1021
1026
1016
1007
1033
1049
1026
994
