713
771
747
802
772
838
948
771
703
801
651
610
531
563
470
536
545
728
811
1088
1097
1146
1153
1140
1153
1175
1135
1130
1109
1060
1017
1109
1082
1098
1123
1112
1132
1123
1129
1107
1104
1091
1104
1050
967
754
709
575
572
406
354
365
336
503
349
474
464
453
572
450
862
865
895
905
934
935
998
932
781
833
775
711
604
646
594
525
700
733
1154
1234
1291
1278
1334
1290
1304
1265
1204
1218
1194
1126
1151
1111
1143
1163
1120
1235
1217
1164
1151
1199
1305
1267
1268
1191
1185
948
885
780
794
556
523
563
553
514
490
542
493
617
660
503
896
835
948
1006
1055
1002
908
996
917
815
834
744
581
655
532
586
875
1008
1177
1265
1238
1305
1273
1272
1210
1127
1041
972
979
993
917
875
935
938
1067
942
995
1090
945
974
962
1054
1191
1260
1061
963
1020
846
822
640
749
670
650
603
588
518
467
683
767
524
953
910
933
983
1007
1053
1066
997
923
901
818
709
678
625
660
715
952
1167
1209
1278
1292
1309
1260
1078
1031
894
773
785
794
777
851
800
798
906
963
802
823
734
803
1113
780
837
910
1159
952
1069
983
771
799
802
816
741
610
670
618
581
568
710
648
670
979
1038
978
1001
1018
1000
1017
996
931
879
859
664
782
645
727
876
1129
1176
1256
1271
1297
1196
1078
1027
997
800
784
787
792
850
898
923
818
911
1016
871
903
624
1015
994
731
762
742
988
728
951
922
895
939
967
754
778
685
677
678
573
593
653
674
802
1031
1066
996
1004
1017
1053
886
970
966
902
754
732
834
829
807
877
1114
1175
1244
1169
1149
1098
1158
1039
1038
840
886
828
898
895
971
1087
928
946
1039
959
966
939
841
1096
754
672
940
753
809
802
878
1066
999
985
1093
919
913
782
731
589
643
631
704
676
1016
1101
1055
983
1123
1074
905
1018
902
993
797
838
687
903
918
981
1142
1086
1329
969
757
1163
1038
1073
1058
1153
964
1032
1080
1064
1204
1210
1174
1031
1047
1147
1014
1213
1093
1117
1130
914
792
560
988
761
812
1037
992
927
1086
894
858
810
751
663
668
624
735
718
1143
1158
1103
996
1024
1129
953
919
865
875
854
840
902
915
1042
1048
1020
918
1263
1122
1076
1245
1226
1194
1129
1100
987
1086
1124
1062
1046
1109
1025
964
898
1050
1100
1122
1212
1219
1159
1141
875
1014
808
867
716
919
877
1013
1049
1049
1002
941
880
727
661
698
703
729
1224
1159
1153
1097
1036
1137
949
903
968
778
757
797
1010
1126
1060
1049
1107
1060
1041
1042
1316
1244
1095
1115
830
887
981
834
990
756
835
865
761
841
869
797
926
890
995
1154
1116
1248
1040
1020
952
450
941
993
894
966
985
943
855
918
837
715
702
696
684
763
1210
1207
1200
1136
1084
1103
1123
924
876
891
643
676
1107
1014
1099
1095
1072
821
1186
1325
1141
1132
870
817
712
794
766
832
778
838
873
805
786
812
843
838
814
848
835
718
875
1144
1119
1277
747
926
686
837
1055
1089
1075
1062
1048
1150
922
878
868
724
628
742
1234
1217
1224
1195
1041
1055
1016
968
943
895
873
737
1050
1085
1148
1009
1081
1159
1293
1107
994
810
843
767
799
774
758
779
809
762
804
767
766
781
790
831
822
755
722
710
761
892
1019
925
1038
916
724
1034
1056
1074
1154
1080
1091
1068
1029
951
729
686
612
731
1240
1197
1252
1228
1078
1080
889
876
827
789
926
1029
861
968
1002
1042
1030
1294
1002
773
811
843
789
747
779
764
765
750
850
842
805
791
790
818
817
818
798
783
851
735
779
723
691
588
962
908
1128
998
496
902
1096
1125
1123
1052
1102
885
710
594
635
753
1191
1195
1250
1213
1113
1065
961
697
832
880
874
1044
1286
1047
1068
931
1130
991
796
616
741
784
788
783
792
814
799
749
878
877
810
830
868
839
855
830
817
777
787
763
707
694
569
684
732
590
1033
877
725
942
1073
1056
1096
1127
1027
780
680
667
657
791
1222
1222
1184
1189
1178
1063
964
533
916
789
831
880
1067
1243
1134
1082
953
508
603
728
761
818
814
820
819
836
831
806
922
980
878
824
880
876
861
837
828
801
784
809
744
612
679
521
528
832
722
750
914
860
948
1057
1095
1070
1050
899
753
663
590
795
1310
1286
1197
1219
1129
1053
790
596
686
772
972
843
1019
1049
1014
918
862
615
454
645
780
826
914
922
879
851
725
794
904
878
903
819
840
863
843
814
797
811
801
795
717
706
623
641
637
693
575
617
575
832
935
995
948
857
860
704
677
687
722
700
1228
1321
1280
1270
1193
1049
838
551
543
915
896
1109
1069
1120
1035
807
486
508
549
717
769
823
849
911
907
688
670
848
871
927
936
948
720
783
904
880
889
839
826
788
741
654
763
618
728
567
572
631
781
785
900
858
885
908
886
735
557
569
602
744
1229
1253
1297
1248
1287
1030
772
485
717
706
1050
1043
1257
1149
1075
805
543
557
535
702
782
807
892
882
627
484
902
911
1005
1066
1041
976
925
583
602
822
869
867
842
815
729
730
764
679
554
632
654
694
699
740
840
881
895
787
629
625
603
620
629
647
1236
1291
1320
1309
1202
957
717
599
580
718
1003
1004
1126
1194
984
461
433
519
542
693
777
784
695
466
528
946
1009
997
967
996
958
1060
1029
1036
786
602
708
877
888
846
749
745
776
734
721
638
803
718
690
665
771
768
715
617
565
645
574
552
641
591
1260
1241
1349
1319
1163
978
745
591
480
710
1009
1074
1090
1115
914
465
498
615
582
618
780
773
782
885
992
978
917
856
880
891
869
869
843
917
1101
1034
983
933
894
766
789
775
750
719
703
747
677
524
596
814
759
727
654
682
749
744
539
452
489
540
1306
1288
1294
1358
1266
975
649
678
429
554
1045
1143
1090
1026
762
347
378
499
583
654
725
864
899
874
837
792
800
840
834
889
854
849
829
809
839
862
852
830
831
791
816
748
754
657
546
580
619
721
772
689
682
655
777
689
656
507
479
461
445
500
1276
1276
1300
1286
1210
936
705
644
581
548
850
1032
1053
1003
715
463
498
598
568
612
674
822
899
810
797
780
782
803
814
877
874
850
841
810
802
819
937
1009
1091
901
837
700
562
678
664
747
659
597
448
622
704
748
692
637
464
474
482
483
490
490
1273
1188
1171
1249
1106
1035
774
575
398
382
545
508
692
672
516
360
513
490
575
677
616
596
901
1116
1007
834
791
782
784
885
879
848
843
817
831
1224
1198
783
984
852
711
622
845
650
699
537
556
433
368
484
580
596
541
466
412
512
498
530
516
477
1171
1146
1021
1132
1054
957
711
296
249
279
346
309
475
678
529
346
406
453
896
720
755
1014
928
937
1215
969
795
765
773
838
879
831
827
824
931
970
1281
895
958
1050
1010
928
615
801
605
653
502
450
616
531
500
503
478
463
436
413
558
511
528
535
1193
1091
938
845
919
806
766
406
280
258
274
172
226
283
237
294
347
476
729
990
689
877
751
1098
1207
1138
818
773
777
822
934
831
814
793
1105
837
1273
1174
634
882
1019
856
838
734
665
689
501
497
359
422
530
446
466
486
449
632
558
565
590
517
1136
1125
1019
875
665
791
871
573
207
261
363
361
516
480
362
263
247
560
805
1043
767
1067
823
1132
1203
1037
940
745
749
820
923
868
835
773
1218
870
1189
1225
755
1061
1151
880
1085
743
775
510
382
345
344
422
438
563
512
707
534
519
520
525
585
558
1041
1059
1051
966
865
733
647
620
471
341
159
198
217
273
346
348
271
719
1025
1015
1143
1086
954
1305
1218
1089
1076
726
724
792
921
872
809
795
1241
1151
1141
1323
1024
972
1267
1147
911
1074
680
440
449
457
446
533
599
596
570
429
499
544
552
615
637
512
1110
1077
994
1043
864
800
732
395
278
285
173
186
327
376
257
270
347
752
1216
1022
1162
1191
1104
1404
1266
1183
1151
763
727
764
944
825
790
782
1224
1294
1034
1287
1251
929
1380
1167
1005
1190
817
333
369
401
385
462
568
546
514
490
413
644
556
523
538
545
1144
1124
1075
923
879
803
577
440
274
208
197
178
168
211
186
167
608
929
1226
990
1365
1156
1182
1191
1174
1287
1117
769
730
758
861
827
765
729
1202
1264
1120
1318
1345
1029
1327
1284
1254
1028
1092
375
239
356
457
420
654
650
543
543
561
539
480
586
514
486
1061
1110
1039
1002
816
618
391
414
346
232
249
302
214
268
224
136
620
1088
1119
1187
1447
1138
1275
1365
1200
1388
1044
780
734
746
876
942
791
748
1155
1279
1253
1311
1383
1179
1265
1422
1278
1168
1103
513
332
326
504
562
600
558
488
574
536
530
479
508
505
532
960
1070
1034
1095
1079
977
782
418
220
294
284
207
260
279
159
217
751
1212
981
1291
1367
1125
1394
1346
1190
1376
988
788
739
816
964
969
851
794
976
1278
1369
1219
1379
1308
1166
1478
1325
1264
1042
716
380
373
503
473
481
551
610
576
637
522
600
503
524
603
1087
1010
884
907
930
849
835
625
288
218
262
340
223
295
151
245
979
1200
967
1286
1288
1157
1355
1285
1230
1312
834
770
775
837
1126
1070
928
805
833
1246
1406
1232
1353
1428
1078
1321
1381
1252
1128
988
321
422
375
698
657
726
663
526
586
551
547
666
565
569
940
908
976
745
813
678
619
547
432
374
321
308
429
340
145
311
1123
974
1125
1332
1237
1204
1286
1203
1327
1238
780
761
752
820
1107
1299
931
793
764
1204
1319
1281
1336
1410
1235
1158
1364
1253
1223
1035
547
387
573
648
603
541
616
526
565
581
591
566
644
507
779
923
790
735
625
547
435
389
316
420
344
303
286
281
130
600
1182
963
1191
1318
1181
1264
1329
1221
1410
1139
765
758
750
823
1125
1056
826
794
771
1137
1317
1303
1317
1374
1400
1086
1243
1295
1238
1067
656
462
545
556
626
707
615
627
621
547
604
640
606
488
705
772
619
438
494
492
421
389
316
380
438
370
344
307
116
820
1152
894
1225
1275
1166
1362
1361
1249
1399
1099
796
771
764
833
1136
1026
827
806
778
1110
1282
1390
1219
1428
1393
1164
1110
1328
1252
1193
665
420
652
665
587
744
749
768
756
784
619
501
592
534
577
555
490
413
497
348
492
587
462
620
543
344
274
349
201
944
928
1088
1275
1178
1162
1401
1302
1297
1383
1103
833
765
783
818
1037
1048
840
806
786
1103
1252
1419
1280
1394
1445
1344
1037
1285
1317
1243
723
414
467
541
718
795
744
867
801
679
647
579
649
492
603
739
441
436
394
278
591
407
437
610
388
480
467
368
232
1019
859
1188
1259
1019
1257
1405
1295
1375
1401
1159
917
801
766
833
1089
1055
851
811
794
1089
1243
1391
1313
1318
1393
1310
1133
1191
1322
1200
877
387
516
773
761
756
848
837
799
662
750
707
588
638
738
690
554
434
381
499
543
623
721
491
627
765
385
558
355
1058
943
1252
1181
1016
1323
1383
1297
1466
1309
1158
946
828
759
821
1103
1000
835
798
802
1073
1200
1338
1397
1279
1339
1304
1243
1022
1260
1239
1051
481
588
575
867
879
869
924
910
832
854
745
734
713
540
578
550
529
622
545
641
733
715
806
878
684
479
519
353
1026
1078
1295
1064
1150
1303
1326
1286
1450
1293
1165
916
814
765
814
982
982
887
841
856
1094
1234
1312
1433
1278
1306
1304
1278
1084
1206
1255
1148
521
536
490
765
929
827
954
992
899
868
805
735
602
451
478
535
398
566
627
754
717
744
928
846
822
785
456
295
804
1151
1231
1007
1220
1280
1339
1313
1421
1297
1221
866
826
766
824
1080
1011
879
824
841
1073
1289
1287
1374
1310
1252
1333
1316
1256
1101
1219
1147
641
580
721
789
936
1015
944
980
919
720
828
851
648
548
620
587
458
625
654
675
773
879
1006
899
737
817
654
299
628
1213
1206
1020
1222
1258
1280
1306
1340
1286
1260
891
849
765
827
948
970
846
799
883
1017
1322
1338
1347
1344
1228
1321
1312
1258
1051
1184
1155
663
594
859
889
826
959
994
907
1048
946
922
893
759
653
514
397
698
694
704
783
927
868
756
815
714
660
743
517
491
1167
1156
1132
1224
1274
1240
1316
1315
1291
1285
847
840
760
777
869
892
812
806
852
1006
1437
1311
1327
1369
1258
1258
1304
1252
1153
1138
1147
706
715
891
861
867
906
1162
1005
1067
958
974
840
790
549
635
602
580
893
883
763
804
907
914
914
751
742
517
496
469
1097
1016
1175
1242
1284
1175
1306
1253
1300
1296
841
920
762
760
931
914
804
793
869
947
1434
1349
1348
1311
1305
1207
1288
1249
1198
1087
1086
698
707
780
879
1056
1054
1144
945
1029
927
874
898
777
579
483
688
498
668
688
619
802
739
959
889
886
706
710
483
404
1026
947
1200
1266
1247
1160
1302
1254
1260
1323
822
920
798
794
879
852
804
801
921
964
1390
1469
1320
1327
1302
1195
1227
1271
1212
1079
847
682
806
900
1000
1007
1121
1044
1019
1064
1062
927
1067
1002
464
530
562
674
677
618
820
590
787
957
792
834
852
789
695
578
794
960
1177
1271
1144
1213
1267
1273
1301
1384
800
935
790
764
909
867
827
824
961
990
1318
1427
1327
1334
1301
1262
1118
1214
1241
1152
763
834
820
981
1004
1011
1008
997
1053
947
986
955
913
893
597
635
630
845
742
939
784
858
993
761
867
908
894
778
778
660
430
1030
1212
1211
1070
1257
1288
1285
1344
1373
773
930
812
745
835
855
838
839
936
909
1284
1400
1386
1251
1285
1239
1140
990
1207
1135
777
794
796
811
899
859
1101
984
1038
1095
1100
1029
958
889
621
664
677
677
705
753
671
944
990
817
711
647
772
786
666
453
378
1117
1192
1031
1143
1251
1283
1247
1425
1378
790
878
822
659
776
902
787
827
905
864
1297
1363
1397
1209
1217
1219
1202
961
958
924
614
690
830
796
940
895
983
1080
1017
1086
1199
1045
1076
968
564
529
646
712
887
962
871
677
902
774
819
830
519
411
659
576
472
898
1029
919
1206
1235
1185
1258
1400
1335
817
794
881
589
677
912
827
862
897
807
1287
1366
1364
1353
1104
1090
1163
1192
1044
646
606
777
688
761
633
879
958
958
933
993
1036
993
1116
1070
627
624
746
837
791
824
825
866
932
829
788
877
645
738
401
444
379
381
535
1078
1148
1076
1006
1330
1342
1286
744
573
977
549
643
929
762
820
817
754
1317
1288
1338
1324
1270
1024
959
1000
1044
716
576
635
564
477
802
777
922
915
1060
1077
1047
1071
1117
910
620
726
695
741
820
910
897
937
827
1143
727
737
892
811
471
491
553
424
451
818
804
801
1199
1266
1290
1300
704
433
971
477
561
940
756
800
671
549
1371
1314
1239
1274
1242
1167
1072
804
574
451
497
537
655
635
752
753
964
834
1040
1044
1010
1129
1077
878
749
643
693
1057
1011
858
994
896
986
897
891
907
915
563
652
623
493
428
272
332
771
1118
1169
1173
1173
1188
656
577
855
414
411
817
738
900
358
275
1137
1427
1356
1200
1026
938
857
591
449
482
539
667
538
731
898
837
1010
919
1063
1157
1059
1136
1032
1031
544
911
768
935
794
842
938
808
1189
920
984
925
751
693
705
650
569
631
406
289
295
441
462
571
832
681
217
414
823
507
501
883
750
677
556
212
965
1222
1265
1297
1227
1114
861
593
466
661
582
624
635
735
754
917
1013
1162
1064
1096
1110
1175
1124
1055
601
797
711
768
1000
977
894
1023
754
849
925
821
877
779
726
687
736
523
366
627
808
688
732
654
621
503
568
344
548
527
570
776
694
539
874
508
451
630
793
810
794
619
362
342
538
621
683
688
606
780
739
851
1013
863
911
1139
1113
904
1093
1111
617
811
910
760
1041
916
1022
868
973
1165
816
855
733
840
703
685
633
658
648
608
569
670
696
661
740
747
470
292
320
456
426
624
589
742
597
499
553
707
783
810
739
942
1069
882
605
535
584
678
615
709
705
836
956
945
1084
1054
1163
1052
1071
1064
557
757
747
835
858
996
1146
914
888
1061
911
771
892
669
646
716
784
722
592
309
278
218
260
281
602
840
762
584
237
403
386
414
520
604
453
363
745
744
622
524
491
511
608
820
914
835
494
479
672
610
734
718
1086
967
1084
1143
1084
1001
1104
953
688
675
694
935
800
1043
927
920
945
873
789
886
785
666
628
796
845
450
201
281
497
670
496
194
149
419
454
549
187
245
361
373
422
405
758
450
693
297
185
162
206
312
325
512
686
960
750
574
536
738
733
953
926
1018
1040
962
1035
1156
1045
908
603
692
790
704
810
986
1042
975
1043
925
785
737
666
525
505
766
801
298
337
712
917
829
826
718
131
228
639
361
183
212
357
352
298
316
518
640
291
314
193
650
944
989
814
597
277
765
1056
715
571
688
739
707
902
820
804
855
1116
938
965
955
761
764
757
854
1068
1025
1140
1100
877
804
497
380
440
300
318
417
412
348
472
777
696
329
589
772
351
526
541
176
193
272
291
296
326
272
536
689
483
171
480
874
880
610
867
834
438
659
946
644
490
542
669
720
791
904
969
1016
859
882
772
1005
653
621
891
897
911
771
809
1034
861
736
519
472
318
330
295
327
275
218
286
441
512
432
412
387
265
361
204
231
213
323
480
485
425
317
269
548
672
454
471
852
787
647
917
806
408
445
534
353
378
435
495
625
800
1022
718
941
930
1017
979
1036
617
516
751
736
962
1027
882
981
623
715
432
490
427
352
313
312
280
235
280
239
258
230
281
262
244
274
319
325
478
336
349
373
383
322
286
233
306
350
291
381
443
580
451
346
245
320
338
302
349
288
326
430
593
881
852
848
1055
957
1215
981
451
668
761
744
746
868
827
805
812
564
450
408
484
378
349
307
307
323
292
247
299
293
303
242
238
269
485
680
502
644
479
343
592
574
469
312
295
333
419
336
268
324
310
320
285
288
294
309
276
387
398
365
486
532
746
841
894
836
857
768
