1100
1090
1053
1010
1091
1097
1094
1033
1034
1031
971
920
912
902
909
865
917
884
761
757
863
912
914
931
949
951
949
959
969
944
968
968
962
945
942
913
923
939
923
881
865
825
790
810
790
761
792
835
861
908
919
911
938
908
966
970
972
980
986
1001
1048
1057
1008
993
1038
1082
1069
978
1001
963
940
871
913
882
863
894
850
812
831
797
930
920
966
962
969
1000
970
992
991
947
986
947
951
940
936
953
935
938
951
959
978
910
885
893
788
740
793
801
787
843
887
876
907
911
929
958
988
982
983
1000
977
1066
988
934
974
1016
1034
999
944
948
940
841
900
920
881
895
812
828
803
909
924
974
1015
1001
1002
961
906
904
918
916
892
885
897
901
955
926
934
986
982
1001
1014
1031
973
1022
877
872
866
820
866
836
847
852
889
899
929
943
969
979
991
1013
1022
1019
966
861
856
956
998
963
899
878
859
862
876
870
872
858
742
926
889
988
975
1021
1022
996
983
918
887
820
788
800
856
823
816
851
933
914
929
961
1028
1061
1038
1062
1068
1076
960
1016
934
884
888
834
807
821
874
890
907
919
952
945
984
1043
1006
976
934
871
777
856
908
867
857
820
772
834
892
883
851
835
833
937
1020
1013
1050
1024
1024
1021
983
899
807
779
811
777
807
830
773
851
883
837
880
891
1024
1049
1009
1025
1053
1037
1058
1030
988
961
905
823
845
817
849
878
889
920
948
938
973
1017
968
918
924
858
796
722
903
804
789
808
783
772
955
921
855
918
896
978
1009
1031
1068
1046
1036
971
945
913
834
855
914
898
911
945
880
863
897
863
864
896
973
1016
1007
1008
1051
1050
1071
1079
1040
1023
939
927
913
831
844
841
876
923
951
962
957
1000
972
910
871
848
766
649
786
762
764
720
748
754
910
969
894
953
915
984
1056
1008
997
1017
1002
921
951
1015
932
1021
1046
1053
1035
1004
1000
974
979
996
912
976
961
988
1012
1033
1002
1058
1044
1059
1100
1041
962
926
904
862
854
830
889
925
936
928
953
1003
898
857
836
798
761
636
675
747
732
741
723
761
878
880
932
972
950
988
1080
1036
1000
1000
1017
1017
1045
1066
1043
1053
1049
1030
1021
1020
998
975
982
1004
1031
1003
999
967
962
1015
1017
1074
1033
1066
1054
1080
1032
996
925
919
861
865
894
895
927
928
949
983
840
813
722
714
707
655
652
722
713
813
725
800
809
881
909
986
1027
1047
1039
1024
1041
1031
1012
1020
982
950
986
926
975
823
851
842
761
802
856
814
940
986
1025
1005
1001
1002
981
1046
1022
1049
1060
1079
1060
973
925
859
802
858
856
853
924
946
956
978
769
784
732
650
623
617
569
678
712
835
768
791
897
829
935
1027
1012
1025
1064
1071
1023
1030
955
920
784
781
729
825
855
833
774
684
675
667
725
741
769
907
1017
1003
1041
1027
1041
1032
982
1063
1058
1090
1087
1052
993
935
853
845
800
824
897
936
958
949
713
754
697
628
572
603
612
630
685
835
786
741
822
875
1001
1012
1053
1062
1071
1078
1034
927
829
772
711
687
668
721
852
736
693
639
639
655
672
718
701
710
865
1025
1060
1084
1081
1016
1008
1027
1098
1087
1077
1099
1032
941
896
803
763
853
917
944
954
953
646
663
648
637
564
559
671
691
720
790
784
748
811
955
970
1042
1064
1072
1062
1049
970
862
730
656
666
659
651
677
773
744
705
674
669
702
704
702
672
664
771
942
1068
1070
1073
1110
1091
1032
1114
1052
1020
1066
1025
994
939
828
838
815
916
948
981
965
630
584
572
603
593
553
626
802
732
760
746
640
852
930
1024
1062
1071
1040
1059
1020
827
714
686
679
696
712
701
695
733
729
724
731
777
740
755
716
681
642
662
822
1037
1066
1086
1074
1049
1072
1075
1015
1047
1072
1036
993
965
946
920
907
933
971
981
980
620
569
560
535
544
567
637
847
738
776
775
690
708
989
1046
1086
1043
1054
1083
946
747
729
715
728
721
747
738
815
853
883
830
754
797
792
769
751
723
667
641
747
945
1078
1088
1059
1052
1110
1051
1069
1050
1050
1020
1020
992
1007
1013
1023
1022
986
991
1025
607
480
525
486
517
577
705
812
846
756
778
832
778
896
1017
1065
1068
1048
1037
837
709
762
861
867
820
784
727
830
775
743
793
757
754
764
741
713
683
691
661
674
837
1101
1105
1069
1072
1084
1062
1062
1049
1058
1072
1088
1037
1005
973
960
1010
1024
1028
986
624
505
448
448
476
572
722
855
900
772
796
863
850
944
1023
1044
1030
1073
1012
772
677
736
770
855
843
760
801
727
728
787
771
749
742
792
771
745
757
714
692
647
796
1111
1129
1078
1122
1085
1110
1097
1097
1090
1096
1068
1050
1033
1016
996
977
995
1018
1014
557
539
456
449
452
600
730
865
829
907
827
879
969
958
1033
1053
1058
1107
1015
751
664
701
766
795
837
845
768
831
953
996
951
829
736
805
882
822
798
731
693
660
768
1152
1155
1113
1114
1111
1107
1086
1093
1108
1091
1061
1024
1006
965
945
995
1023
1027
980
581
521
481
479
487
603
787
863
917
905
888
918
951
1010
985
1010
1070
1148
1055
756
651
686
767
840
861
831
923
984
944
949
933
993
937
858
804
807
749
714
724
686
902
1215
1238
1180
1189
1120
1091
1106
1122
1081
1068
1037
1004
982
994
1008
1033
1014
964
972
529
525
455
477
532
612
797
875
955
935
840
838
921
1029
1027
1041
1070
1142
1136
853
705
717
760
793
874
904
856
789
806
823
770
743
722
802
888
861
805
765
710
804
1195
1278
1246
1212
1235
1199
1141
1103
1117
1121
1057
1042
1011
1008
1039
1030
984
976
960
956
485
468
476
470
547
635
812
828
962
1001
993
962
976
956
949
1051
1087
1133
1169
1079
797
803
803
765
706
672
704
733
751
801
748
715
695
667
690
711
708
713
879
1224
1286
1287
1249
1243
1183
1145
1139
1135
1104
1047
1015
1023
1043
1013
989
1002
967
963
948
955
506
503
515
506
544
667
852
868
951
1033
1033
1012
1026
1002
1010
1049
1080
1119
1167
1218
1072
922
820
712
684
655
664
696
727
824
770
734
719
679
678
735
946
1208
1319
1302
1289
1256
1181
1198
1149
1120
1079
1056
1040
1057
1043
1041
1026
996
976
965
974
953
958
956
510
550
558
534
575
660
800
906
961
995
980
998
970
984
1003
1067
1105
1111
1230
1225
1206
1255
1263
1179
884
735
677
678
695
789
788
734
713
675
767
1092
1243
1231
1290
1261
1226
1223
1305
1267
1215
1157
1136
1038
1002
1042
1038
1034
998
960
977
979
983
967
953
940
527
579
616
622
626
653
753
929
986
1017
1010
1008
1023
1034
1009
1013
1084
1168
1342
1259
1303
1357
1220
1290
1225
880
689
667
673
744
791
701
693
700
878
1208
1251
1240
1270
1356
1316
1287
1249
1289
1196
1202
1094
1055
1091
1044
1031
1002
988
964
960
979
990
958
943
947
575
621
675
654
634
722
748
903
988
1013
1004
988
986
986
1004
1042
1065
1179
1267
1353
1231
1317
1176
1285
1252
1110
741
663
664
746
854
697
692
715
1040
1211
1252
1284
1179
1323
1339
1285
1284
1298
1246
1189
1104
1059
1016
1017
1047
1005
969
940
950
971
944
953
960
946
619
624
666
688
765
740
756
869
1001
1008
999
1027
1011
1010
1032
1025
1032
1204
1317
1337
1271
1318
1225
1274
1269
1185
848
692
654
752
878
731
693
727
1150
1182
1293
1275
1183
1315
1387
1349
1310
1322
1263
1109
1021
1001
1005
1007
983
1029
1022
981
951
948
956
951
949
933
644
623
656
688
715
769
793
804
934
987
995
1011
1009
1023
1028
1037
1117
1293
1352
1286
1331
1232
1256
1188
1247
1266
957
690
680
767
899
775
676
776
1183
1198
1272
1235
1244
1240
1320
1384
1315
1372
1245
1085
1062
1037
1040
1031
1026
1026
985
930
941
951
927
931
942
931
632
652
683
616
714
758
868
924
958
988
1000
1015
1010
1006
1034
1049
1108
1321
1345
1315
1301
1219
1273
1147
1230
1242
1084
693
678
790
941
729
661
757
1224
1206
1280
1248
1239
1246
1196
1378
1322
1325
1286
1061
1032
1037
994
1002
999
995
959
948
969
956
946
956
957
975
619
659
681
727
772
772
839
896
964
1001
1010
986
1003
1013
1011
1034
1255
1353
1289
1336
1168
1220
1250
1229
1261
1199
1102
670
663
772
919
770
647
693
1174
1253
1268
1229
1216
1276
1204
1306
1346
1308
1343
1046
992
1019
1011
993
1010
973
952
951
948
936
951
946
944
960
655
701
747
766
800
863
927
919
971
1007
996
958
990
997
1001
1046
1320
1410
1292
1316
1124
1231
1196
1148
1246
1174
995
658
662
760
955
887
656
683
1084
1269
1224
1241
1196
1254
1237
1177
1326
1359
1342
1092
981
1007
998
1016
991
962
945
930
952
947
948
942
987
943
700
667
734
729
719
752
826
944
988
991
960
984
983
1001
1015
1082
1361
1328
1300
1268
1178
1244
1149
1173
1256
1192
892
661
661
808
1008
963
718
669
975
1268
1161
1277
1188
1208
1255
1121
1272
1360
1355
1189
983
985
985
975
965
946
937
944
921
934
956
936
962
965
686
720
789
749
780
791
785
829
960
987
971
938
983
987
1006
1121
1414
1296
1345
1253
1214
1268
1180
1235
1239
1214
749
653
678
859
1112
1018
798
662
811
1282
1167
1265
1214
1163
1289
1219
1231
1361
1386
1290
991
985
990
978
1005
967
951
938
942
941
927
945
952
936
737
820
822
849
841
860
871
871
908
954
947
958
965
976
1012
1144
1415
1283
1354
1235
1237
1278
1243
1284
1185
1197
670
642
646
818
1099
1075
779
643
694
1259
1230
1237
1234
1172
1253
1255
1231
1362
1397
1348
1034
980
994
993
960
949
915
926
920
928
922
932
921
948
829
849
860
910
905
916
936
901
943
965
966
954
971
978
1027
1249
1389
1330
1382
1249
1250
1251
1202
1258
1168
1146
641
635
662
855
1152
992
696
656
691
1194
1256
1216
1244
1205
1184
1276
1271
1322
1382
1357
1102
996
984
962
955
923
914
927
922
928
926
935
948
945
913
933
921
912
908
902
925
924
950
972
969
933
963
976
1037
1330
1351
1378
1355
1280
1273
1183
1194
1243
1196
1112
659
633
657
817
1056
943
671
666
686
1131
1282
1170
1258
1155
1197
1301
1293
1272
1361
1346
1129
1003
1012
955
940
891
900
885
899
918
950
931
948
910
916
941
927
957
916
959
915
872
912
915
933
946
979
967
1052
1379
1367
1418
1332
1286
1287
1184
1252
1216
1214
1097
702
638
668
795
1015
960
699
651
680
1122
1291
1169
1232
1191
1158
1254
1309
1276
1309
1374
1133
997
985
946
943
944
970
950
911
934
904
916
905
933
963
910
963
946
922
975
877
953
938
940
972
937
943
976
1052
1393
1350
1410
1309
1289
1268
1194
1242
1163
1190
1133
760
655
642
775
1042
941
673
647
668
1082
1305
1198
1216
1247
1210
1297
1326
1286
1297
1405
1201
989
991
967
967
1003
935
974
971
966
922
910
925
902
867
889
888
932
934
883
955
892
844
914
953
859
976
961
1065
1425
1396
1363
1277
1309
1253
1205
1229
1108
1259
1157
756
683
644
749
1069
902
675
660
668
1068
1318
1233
1179
1259
1255
1308
1358
1315
1337
1388
1287
992
965
1010
990
986
987
925
942
942
924
922
920
909
900
892
906
890
864
894
925
834
895
934
894
983
959
939
1050
1420
1412
1319
1298
1349
1273
1236
1211
1130
1275
1161
747
671
639
717
966
864
678
627
671
1079
1289
1266
1167
1250
1272
1313
1347
1359
1319
1389
1322
993
968
971
975
1008
980
964
965
963
961
923
956
906
927
916
876
933
883
878
847
831
898
862
877
865
906
946
1029
1383
1435
1353
1315
1336
1291
1242
1215
1166
1288
1170
718
678
641
711
927
847
673
638
679
1087
1254
1294
1222
1244
1268
1276
1317
1373
1332
1394
1358
1008
962
992
1013
995
960
971
935
948
992
908
894
902
919
912
868
931
880
874
854
843
861
846
852
923
918
956
1014
1300
1409
1352
1376
1353
1305
1257
1229
1245
1289
1192
725
696
642
703
840
824
650
632
737
1123
1241
1246
1253
1245
1273
1268
1317
1388
1379
1386
1380
1057
1029
1039
1008
1029
943
947
963
934
957
913
921
919
865
908
942
871
850
878
860
813
839
905
852
896
965
951
966
1227
1423
1353
1386
1350
1290
1256
1228
1264
1294
1197
688
688
654
664
745
762
646
627
707
1069
1176
1250
1276
1239
1284
1287
1321
1393
1425
1362
1386
1072
1040
978
974
970
968
935
954
879
960
953
901
876
914
863
885
930
877
800
871
856
854
837
834
917
934
995
1000
1108
1405
1344
1389
1317
1279
1276
1248
1303
1261
1181
706
770
652
674
783
738
642
638
722
1064
1177
1221
1254
1297
1287
1301
1323
1397
1429
1358
1341
1041
1026
1017
1031
1019
1007
975
938
870
893
941
930
880
908
902
833
943
852
862
918
818
890
885
899
863
909
934
1002
1076
1401
1341
1376
1296
1262
1288
1263
1284
1268
1168
713
748
647
652
733
735
643
651
780
1082
1212
1137
1251
1296
1323
1339
1328
1372
1421
1366
1204
1056
1065
1069
1058
1030
970
952
932
954
915
911
903
891
928
899
854
847
843
893
802
866
829
810
878
920
939
968
982
1062
1292
1360
1380
1288
1278
1312
1288
1272
1225
1147
738
757
690
666
737
705
629
661
789
1015
1261
1169
1226
1273
1336
1367
1337
1359
1399
1411
1179
1092
1109
1069
1023
996
977
983
935
931
865
852
862
803
905
856
849
807
847
783
796
844
768
868
875
884
900
976
1019
1027
1064
1365
1359
1297
1319
1316
1261
1241
1190
1165
765
765
666
716
731
725
621
688
759
982
1269
1189
1199
1278
1342
1404
1372
1307
1360
1381
1184
1073
1038
1039
1003
1026
909
894
894
865
881
881
829
854
858
874
862
857
806
791
876
835
769
856
893
901
934
974
979
1011
1066
1416
1340
1285
1374
1322
1256
1230
1161
1185
783
779
710
734
732
731
640
684
763
1047
1261
1222
1217
1234
1335
1399
1428
1311
1237
1183
1091
1088
1071
1040
1061
994
939
946
928
908
919
919
857
866
853
892
852
821
829
773
791
881
813
858
879
796
889
957
942
1032
1052
1390
1290
1323
1395
1344
1305
1240
1196
1222
815
825
758
775
788
780
636
701
785
1024
1242
1214
1253
1261
1265
1339
1407
1428
1319
1093
1056
1072
1018
933
992
963
948
918
870
898
873
908
847
826
873
861
831
758
828
777
773
779
797
865
855
870
918
905
970
963
1002
1098
1141
1443
1420
1313
1252
1249
1254
1231
857
862
785
807
807
766
669
781
793
1042
1228
1237
1251
1312
1350
1278
1208
1277
1367
1185
1063
1017
964
948
899
944
891
930
878
854
879
835
817
891
837
826
822
804
784
797
765
773
806
733
867
899
882
903
969
987
1013
1003
1180
1391
1242
1237
1355
1322
1301
1257
951
976
884
871
878
757
680
860
884
967
1202
1170
1255
1311
1393
1438
1393
1188
1083
1062
1017
985
926
948
925
950
866
937
819
831
908
852
820
887
783
854
833
740
780
786
730
826
799
827
859
844
887
955
1013
980
966
997
1018
1114
1353
1444
1413
1366
1350
1299
1073
1027
934
899
936
883
706
852
975
976
1269
1193
1202
1257
1249
1236
1261
1186
1074
1062
1032
971
960
937
959
949
870
908
869
855
891
797
866
835
828
739
811
790
827
785
785
848
773
824
825
832
911
959
1008
1013
999
1014
1016
1022
1060
1097
1122
1150
1257
1190
1022
1043
991
903
937
855
742
920
1014
1024
1298
1345
1360
1339
1375
1367
1285
1151
1062
1040
996
965
981
964
973
959
965
904
901
917
887
846
839
848
826
784
803
810
786
777
811
727
869
829
840
925
926
979
1007
1016
1009
1002
980
975
968
962
972
1003
1025
1053
1050
1026
996
902
876
880
796
953
1073
1024
1076
1166
1173
1175
1151
1071
995
999
1055
1036
989
1003
989
966
977
953
876
896
849
815
865
844
812
827
829
776
760
821
758
805
777
806
776
774
858
890
965
953
994
1001
1017
972
949
969
976
983
1008
995
1039
1018
988
997
952
921
876
876
854
994
1021
1013
987
1013
999
991
1001
995
989
983
1002
1034
999
981
990
974
1003
935
924
940
850
880
858
874
815
843
838
771
800
786
771
762
707
780
818
770
840
955
955
997
1005
1003
954
942
958
1002
1042
1029
1032
1039
1007
995
986
999
971
907
903
910
879
956
956
969
985
1030
1052
1032
1054
1057
1022
994
994
992
1015
994
986
989
975
1001
939
947
860
834
881
830
793
839
777
808
811
691
787
763
788
799
829
824
904
965
1011
1012
1041
1038
954
957
1002
980
809
715
819
1000
988
908
961
973
975
954
925
912
909
907
956
968
856
972
980
989
963
929
1029
1030
988
953
977
997
999
999
986
958
909
903
850
861
863
880
833
816
821
814
793
825
790
765
745
812
812
879
933
978
1004
979
1004
991
937
971
1012
732
580
627
623
838
1022
984
963
949
980
959
925
923
936
939
917
935
957
950
996
832
566
550
652
1011
1007
956
983
1010
1013
1012
1001
986
929
917
869
847
739
809
838
869
771
785
790
792
692
713
744
786
849
858
953
988
994
993
987
982
976
981
1018
650
703
946
762
692
1073
989
936
987
982
952
941
956
946
976
916
918
956
994
1010
610
602
755
603
714
1070
989
960
973
1007
1008
1025
968
977
923
863
852
874
833
819
797
815
830
729
776
735
794
811
775
812
887
944
966
1005
1005
1009
996
999
993
1028
865
807
855
859
931
1019
1014
996
989
992
974
981
975
957
969
979
932
965
997
1013
623
682
786
582
730
1056
989
966
974
967
974
982
995
967
901
931
825
868
811
816
759
822
844
766
836
758
705
769
780
853
868
931
970
951
961
964
960
965
976
968
977
972
983
976
969
974
978
984
985
1005
973
963
974
988
963
953
965
967
992
1024
944
876
797
848
968
976
974
971
969
957
970
975
987
989
945
898
808
842
898
781
873
860
788
807
814
803
793
784
807
810
863
914
933
925
941
963
969
981
985
978
995
979
981
962
971
973
997
1051
1086
1057
1063
1008
1021
1060
1062
1002
976
965
964
980
988
987
985
995
988
965
963
958
974
981
999
987
963
919
926
880
855
825
807
822
897
