-587
150
979
-91
-394
341
57
-324
-682
-38
86
46
-7
146
-150
121
37
-20
-166
15
178
-142
30
210
125
59
36
5
27
14
28
0
29
18
31
-2
14
23
-10
21
38
63
45
85
98
80
53
-235
-711
71
130
80
-49
70
-137
-168
-47
8
75
245
-246
-307
17
233
-248
211
781
-169
-232
360
62
-304
-687
-72
37
36
14
98
-137
370
-306
87
21
26
-9
-283
33
234
226
84
63
20
24
14
33
14
21
14
26
8
2
-8
1
27
41
77
78
83
95
88
36
-538
-418
124
69
12
-39
-72
33
-147
39
-118
-32
216
102
-251
-198
-24
103
304
502
-298
-24
364
58
-211
-700
-155
50
-16
49
83
-40
198
-195
-26
106
272
-247
-260
-6
30
125
103
244
124
43
38
25
17
22
20
25
-23
-15
-2
10
48
64
75
94
96
93
71
26
-799
-131
64
-32
39
112
127
-421
-45
12
183
-188
-26
276
-65
-273
-58
240
278
405
-406
48
346
51
-263
-437
-358
12
16
-18
85
20
-47
38
11
36
237
-113
-294
-21
-6
270
180
-214
95
329
70
30
11
8
23
0
-20
-7
-1
43
43
78
66
107
107
86
47
-45
-902
95
-51
-105
-111
433
597
-417
-630
-27
112
146
-170
114
110
-193
-129
64
262
573
-533
169
335
39
-208
-461
-373
31
-9
7
56
7
-99
19
37
268
286
-183
-433
-22
-21
85
325
191
-322
147
310
32
10
19
18
-20
-28
8
23
54
57
62
102
109
92
62
43
-336
-584
24
-116
-180
-172
620
507
117
-334
-723
63
105
65
-93
146
-127
-221
-186
479
608
-617
306
322
40
-159
-482
-358
-56
75
8
11
2
-88
58
165
336
-274
19
-201
-102
-14
-18
212
330
41
-372
423
102
39
13
3
-27
-22
31
49
42
58
76
103
106
85
52
39
-670
-369
-34
-24
7
109
351
151
211
172
-724
-303
77
63
5
8
10
-278
-195
538
463
-625
430
297
19
-174
-396
-459
58
-61
79
24
-45
-38
84
90
19
12
-15
367
-535
-35
-22
41
316
234
-155
-29
299
41
29
-19
-27
2
43
48
38
61
87
113
89
77
40
9
-698
-234
140
135
54
7
57
-39
140
449
-447
-464
-60
-87
131
-42
16
-127
-341
634
368
-724
557
280
10
-162
-506
-378
23
83
-49
28
-44
0
45
124
117
221
-86
-157
-242
17
38
-84
160
344
75
-339
377
79
16
-8
-25
16
47
58
53
63
91
116
77
52
40
-260
-408
109
4
-3
-20
-48
-21
126
332
187
-231
-554
-122
-26
-53
96
-59
-4
-470
779
227
-778
652
252
-10
-156
-514
-347
-2
71
47
14
-58
-80
53
114
79
407
-224
-29
-77
-20
-43
-189
6
362
191
-367
311
120
51
-18
-18
38
45
65
53
73
108
93
75
48
44
-688
-75
215
-34
-22
-8
-41
-62
263
408
13
-62
-586
-229
7
-22
-20
11
-88
-408
817
138
-806
727
251
11
-188
-547
-276
-60
-8
346
-181
-65
-78
24
173
186
181
95
3
-292
-293
22
-39
-15
209
337
-326
254
166
35
-4
11
43
40
69
54
87
88
97
76
39
52
-1145
278
295
-18
-16
-34
-46
-54
147
547
-22
35
-406
-540
19
91
-128
73
-56
-396
822
32
-781
731
242
8
-190
-421
-443
60
-54
101
132
-168
29
44
213
-4
225
39
-379
232
-408
69
-100
34
24
370
-252
291
163
53
18
17
43
46
60
79
71
79
98
71
49
-191
-1193
477
345
17
-19
-34
-42
-32
-37
394
217
99
-120
-741
-104
111
-77
-10
35
-209
626
-86
-636
676
229
3
-172
-383
-525
103
-15
-22
252
-259
114
126
23
111
191
123
-406
97
-354
29
-55
86
-44
370
-276
305
205
35
41
7
41
72
67
72
69
85
82
61
63
-907
-389
304
391
33
-15
-24
-21
-38
-52
63
232
394
-18
-530
-482
91
89
-89
38
231
142
-299
-370
659
226
1
-138
-154
-722
16
78
72
-23
30
40
-67
118
221
220
-261
37
-309
-81
-28
-14
45
8
194
-189
383
95
99
43
10
33
111
86
82
60
74
77
52
-516
-709
85
147
448
29
-30
-19
-40
-56
-66
44
13
639
39
-191
-894
88
31
83
-86
336
-209
-260
-84
644
201
27
-195
-217
-451
-201
379
-162
181
-239
293
20
-96
232
81
-232
-39
-271
-5
-50
2
25
-1
87
-35
363
121
40
84
16
4
92
175
120
43
61
33
-581
-580
143
-44
79
507
-19
-34
-45
-79
-100
-103
122
-156
806
111
-19
-485
-639
80
80
-2
-46
-195
20
201
533
167
18
-96
-501
-112
-311
191
-65
53
175
131
9
-27
44
-47
203
-528
30
-71
-59
10
-11
48
2
71
355
124
26
60
50
12
16
175
199
46
-326
-584
-318
211
124
-56
-8
547
-148
-48
-61
-52
15
46
19
-50
690
60
18
-48
-424
-697
-7
162
-258
-43
180
324
395
135
16
-245
-247
-31
-410
53
-36
-115
595
-283
73
143
211
-154
-406
-150
147
-122
-26
13
-11
70
-2
87
75
158
136
100
117
95
47
-17
-99
-570
-149
12
-40
154
140
-56
-83
659
-291
57
58
50
47
-20
-56
-112
563
179
-28
-11
-74
-399
-632
-161
-14
-11
268
290
304
158
20
-220
-572
93
-234
100
-81
-87
441
-229
342
10
-26
-242
-272
-22
64
-59
-9
-18
47
11
30
-7
53
291
174
110
87
117
22
-17
-231
-669
13
51
-51
134
121
-66
-104
763
-99
39
-17
-6
-2
-43
-45
-92
346
391
-60
19
-18
-43
-79
-279
-892
0
284
241
312
172
16
-226
-558
218
-234
-68
-70
-39
525
-7
-107
-10
4
423
-717
-148
34
-29
-2
24
32
-4
50
129
194
156
85
36
36
48
100
-30
-81
-600
-217
69
14
58
148
-70
-105
785
-63
41
-23
-10
-7
-34
-44
-92
208
499
-30
-9
-10
-8
-16
-7
-1240
13
131
320
383
153
14
-224
-587
303
-258
13
-219
96
415
-125
-141
229
107
186
-58
-710
-23
-26
10
54
-6
111
15
237
96
89
76
28
-75
-32
4
51
75
-166
-588
5
37
55
142
-59
-95
751
-15
25
-13
-4
-20
-29
-33
-73
157
494
-18
12
-4
-38
-20
1
-1202
49
61
376
364
113
20
-234
-320
-70
57
-297
-166
194
272
-178
88
-90
328
264
-223
-106
-549
-23
28
67
-19
176
102
221
42
67
94
-80
-114
33
151
121
-41
-99
-451
-286
-10
90
164
-96
-75
723
8
49
-25
-14
-23
-13
-10
-68
115
457
22
-5
9
14
-11
-15
-1190
42
3
368
396
96
36
-232
-505
164
48
-386
18
-22
203
-14
-61
210
-127
513
170
-501
-250
-197
-76
119
-96
311
115
188
26
61
18
-172
29
42
-20
56
45
-70
3
-632
-3
83
126
-120
36
549
81
84
-32
-27
-1
-12
-20
-44
50
434
85
-10
3
19
14
-6
-1120
-10
-35
385
366
88
51
-224
-529
132
148
-340
46
-152
68
101
67
168
-290
-39
520
122
-322
-410
-89
81
-88
402
121
107
52
48
4
54
19
-19
33
302
13
-107
-288
-458
-283
64
145
-137
171
341
146
111
-11
-31
-8
-17
-7
-41
20
408
90
24
-1
9
21
-1
-1066
-9
-59
350
377
85
54
-230
-510
72
198
-411
69
-10
27
210
104
-344
214
-407
247
398
-114
179
-731
89
-42
369
138
80
60
66
36
60
22
-51
-89
110
142
61
-255
-205
-567
20
171
-133
319
76
163
202
11
-28
-18
-6
-15
-34
-32
404
78
71
-4
21
5
-2
-1026
-38
-97
220
522
130
28
-237
-451
41
109
-227
115
-117
-65
257
76
-507
77
-104
293
-289
247
774
-485
-585
68
320
178
115
79
77
33
46
-2
-158
-119
-102
104
465
-245
-109
-484
-215
134
-94
497
-152
39
389
44
-37
-4
-12
-22
-22
-62
329
153
38
43
15
7
-9
-1015
-47
-142
166
621
154
13
-248
-497
206
65
-272
92
-146
69
237
-298
-202
-52
295
188
-275
-225
563
325
-665
-196
272
243
143
78
78
45
49
-27
-193
-17
-2
99
532
-440
-114
-242
-507
142
-111
645
-355
-113
572
108
-41
-15
-1
-14
-29
-60
142
320
-7
73
26
-4
6
-1038
-20
-109
179
579
137
13
-246
-505
258
118
-301
125
-232
66
231
-276
-194
-104
247
-3
499
-379
-288
683
252
-993
215
341
135
98
95
80
35
-38
-166
-94
-61
207
482
-425
-118
-142
-528
20
-75
733
-596
-114
635
182
-16
-15
-22
-29
-19
-33
-33
366
93
9
75
31
-37
-996
-27
-75
164
564
153
6
-256
-474
103
100
-30
-104
-89
-73
236
-292
-136
-10
66
-49
514
-322
-289
515
595
-504
-389
415
113
116
114
114
14
-58
-143
-81
-96
250
372
-364
-138
-128
-430
-159
11
779
-809
8
484
307
26
-16
-27
-20
-14
-14
-56
99
341
10
15
35
26
-901
-60
-99
150
549
161
16
-278
-474
98
187
76
-174
-228
-97
262
-30
-402
104
228
24
51
-360
-60
157
594
389
-810
204
161
152
120
64
0
-12
-142
-113
-92
317
273
-320
-189
-111
-338
-223
49
702
-787
-26
324
419
128
-29
-13
-7
-24
-17
-32
-51
244
233
1
-37
24
-759
-72
-98
120
531
165
14
-284
-469
95
83
147
-5
-354
-204
74
312
-267
-57
230
88
-238
-227
5
-22
438
534
102
-584
212
151
37
-23
0
70
-56
-161
-40
404
137
-355
-166
-187
-253
-210
164
552
-634
-90
110
568
161
-6
-21
3
-16
-1
-23
-42
-45
237
192
8
-11
-698
-42
-105
125
487
153
3
-292
-436
91
77
-171
128
330
-75
-533
81
-106
50
115
210
-374
-172
38
-19
30
692
331
-14
-419
94
-61
-59
162
187
-145
-180
64
440
-124
-318
25
-372
-214
-89
217
415
-495
-154
59
538
207
49
-21
-12
27
-15
-14
-40
-41
-26
65
191
109
-680
-24
-88
134
474
137
-4
-297
-457
91
56
0
-97
269
337
-323
-436
-17
-21
12
301
-453
27
85
-117
-1
284
598
237
-47
-607
-343
189
-24
900
-705
64
173
355
-69
-758
145
151
-535
-17
294
309
-424
-143
2
391
352
115
-19
-22
-2
4
3
-17
-24
-23
-51
-50
73
-341
-9
-60
128
425
134
-17
-265
-484
67
88
-14
-20
244
190
9
-198
-437
-5
135
32
-294
105
-200
257
-188
-72
681
379
159
-281
-699
-115
-19
157
18
394
152
234
189
-619
-390
-100
-9
-92
303
214
-397
-90
2
127
557
153
3
-18
1
5
1
-15
-8
4
-45
-37
-44
-283
7
-53
118
391
123
1
-280
-465
80
78
-6
-3
51
92
202
-282
-128
80
-235
-26
105
-253
49
-10
-44
134
17
634
268
-86
4
-334
2
-77
-253
269
352
106
84
-33
-338
-300
-143
-326
356
58
-302
-37
-49
36
561
167
104
-24
-11
7
11
-30
-1
9
-36
-53
-76
-266
-17
-30
139
379
116
-9
-283
-453
75
82
8
2
56
66
77
-80
-87
199
-277
-214
22
-210
171
-162
90
36
-52
297
478
122
73
2
-407
54
176
167
2
87
44
41
61
-95
-798
-424
542
-199
-183
11
-97
-6
431
275
181
-8
-5
29
-22
-51
-37
-26
-18
-10
6
-321
-26
-46
149
376
115
-13
-275
-448
82
65
21
-6
64
45
1
18
110
-41
-14
-395
-95
-134
122
-30
-25
0
99
-51
438
329
177
-115
112
-146
-14
98
70
114
39
41
51
-113
-806
-418
671
-491
-85
40
-57
-19
151
543
165
27
-17
-14
-34
-56
-1
8
16
23
-14
-373
-17
-47
150
360
106
-5
-274
-457
68
88
13
-16
79
67
-38
187
109
-289
72
-76
-350
-139
76
-51
-37
53
198
-18
-261
647
327
-93
159
-21
-89
-23
140
118
52
36
46
-259
-852
-153
704
-638
-58
42
-3
-82
14
589
183
85
-47
-2
28
11
31
-4
-17
-16
-27
-372
-18
-56
152
361
105
-14
-268
-477
89
70
15
-9
46
67
-53
489
-19
-418
41
38
6
-372
-97
-144
157
4
-19
184
-317
88
462
225
296
12
-156
83
-51
165
81
8
29
-431
-724
165
549
-745
-62
65
38
-106
11
336
356
138
65
28
-14
1
-1
-19
-9
-12
-37
-361
-32
-51
158
357
91
-2
-286
-477
79
76
5
11
40
56
-82
597
90
-482
-80
60
20
-47
-239
-184
113
-212
172
-123
-78
67
128
236
403
215
-38
-19
2
7
109
38
12
-588
-331
213
320
-606
-221
69
38
-62
-15
112
502
170
163
-19
-2
-13
-11
-4
-19
-16
-27
-362
-29
-33
177
327
78
-15
-275
-471
92
57
10
5
34
17
61
706
-196
-427
33
-32
32
-1
-25
-295
-59
-146
114
-215
156
-59
84
175
207
476
103
-76
-8
-32
55
36
-98
-728
147
151
272
143
-709
-319
60
20
-64
51
399
293
208
-12
-6
-6
-26
-9
-6
-21
-20
-372
-25
-6
200
279
74
-15
-274
-447
90
48
17
-2
11
-39
535
257
-305
-239
16
-19
-17
16
22
-33
-129
-265
-76
-114
238
-79
162
-175
62
438
344
75
-7
-7
12
49
31
-331
-388
127
275
99
110
-648
-419
54
-38
18
145
600
103
60
-7
-20
-23
-16
-4
-10
-18
-392
-30
35
195
278
72
-19
-292
-430
96
46
14
0
-11
-70
860
-87
-414
1
-184
174
-30
-11
19
46
-97
0
-197
-159
-117
295
-122
22
-150
-183
622
349
151
42
-23
17
6
29
-6
-261
-509
7
253
351
-640
-389
13
10
36
535
223
110
-13
-12
-16
-10
-10
-7
-13
-425
-4
36
202
276
80
-26
-295
-442
98
59
13
-5
1
31
798
-182
-331
-119
-35
-5
142
-44
-13
31
63
-85
-47
-141
-139
388
-265
-108
-26
-213
-19
548
389
137
9
5
-13
37
13
34
-60
-331
-382
-54
572
-570
-427
1
25
225
539
81
34
-10
-21
-13
0
-7
-6
-444
-5
32
193
293
84
-25
-298
-423
105
39
-1
9
-1
102
697
-240
-143
-240
52
23
-28
106
-30
-12
66
46
-112
-52
-1
111
-63
160
13
-8
-107
68
91
150
94
37
-44
31
30
35
12
21
-115
-467
-118
483
-1100
65
32
19
590
155
78
-9
-15
4
-4
1
-15
-462
-13
9
220
307
75
-23
-302
-392
97
39
-7
7
14
52
658
-254
-164
-229
14
210
-25
-41
116
-20
37
31
60
15
26
9
-3
-14
34
22
5
4
-3
-38
97
86
79
4
-22
18
44
7
35
-287
-98
123
-700
-306
4
13
310
473
49
46
-22
8
-7
-2
-5
-470
-4
1
187
326
90
-32
-316
-381
95
47
-4
1
32
-2
726
-347
-185
-183
51
41
176
26
-67
128
-5
11
76
64
23
-8
17
-26
-6
46
48
30
-21
-8
-68
28
91
55
64
-11
-2
13
20
-46
-233
120
-278
-807
27
-26
75
509
233
84
2
-4
-10
-1
-11
-453
-9
4
180
310
100
-26
-329
-391
98
53
-1
3
40
-35
749
-466
-200
-28
39
71
12
170
6
-35
102
45
75
19
-20
53
10
-12
51
24
-18
43
30
-28
-35
16
-50
97
12
47
49
-9
-20
34
-59
91
5
-1301
40
-29
31
208
543
54
69
-14
-7
-15
-5
-441
-3
-7
187
284
97
-22
-313
-378
95
64
4
-5
52
-23
568
-421
-144
-4
52
72
20
0
186
35
-13
124
86
-30
64
-59
47
33
10
40
11
-56
56
60
-6
-1
-14
-37
-291
193
156
26
45
-22
11
53
80
-1190
-159
-26
-12
53
397
368
67
12
-12
-15
-15
-455
18
-21
175
315
80
-35
-303
-363
89
68
18
5
53
16
438
-339
-173
40
76
31
26
40
-71
249
76
32
73
57
8
6
-36
50
61
28
10
7
-66
85
21
7
4
-378
-26
-44
-208
367
220
110
-24
-6
123
-1006
-346
-7
-30
38
-12
707
85
84
-15
-7
-12
-515
24
-22
210
321
72
-52
-301
-374
94
83
13
10
44
49
278
-96
-255
64
14
86
8
4
34
-86
287
154
-35
59
17
80
-6
21
8
46
15
7
12
31
0
76
-655
61
114
-16
-274
-573
636
519
153
33
63
-1060
-335
37
-37
-4
46
245
500
35
68
-6
-11
-533
-6
-30
254
315
52
-32
-285
-366
84
50
17
35
42
34
50
238
-342
52
9
48
83
51
-12
4
-103
178
306
-5
28
-11
90
14
22
7
13
9
34
7
43
-141
-849
428
78
8
-238
-551
-111
441
810
91
-33
-1214
-27
42
-4
-15
6
-42
514
253
98
32
-17
-541
17
-21
253
286
59
-40
-287
-343
84
53
21
2
57
54
-4
194
-277
58
11
30
50
81
47
-9
4
-82
85
318
112
-1
-19
42
71
6
1
9
5
38
56
-861
-87
355
81
-10
-234
-546
-98
331
422
68
9
-372
-446
55
19
-24
8
-1
40
597
83
131
38
-590
19
-21
253
301
66
-55
-291
-342
103
51
-2
23
45
66
13
49
-64
-21
-3
24
24
63
46
44
24
-34
37
92
159
194
27
-1
-20
44
3
26
29
25
-534
-557
243
311
61
-6
-245
-562
110
485
160
-41
27
26
-665
-177
100
-33
-4
-10
35
176
489
86
111
-411
-173
-9
279
295
60
-61
-301
-328
108
37
14
9
51
56
23
29
8
-100
18
42
-16
22
69
72
32
19
19
119
111
10
170
91
-19
-12
23
38
74
-698
-382
53
154
284
61
-20
-231
-555
411
318
7
-20
12
18
-128
-647
-17
51
-43
33
-35
96
251
401
35
-12
-412
-57
299
302
48
-66
-291
-341
98
51
17
6
56
45
28
28
13
-6
-101
50
34
6
22
65
27
24
55
148
151
37
-33
61
96
57
5
57
-382
-620
58
-10
117
268
60
-22
-265
-272
405
94
-4
-19
9
4
50
-413
-461
57
34
-48
31
-4
134
138
513
119
-316
-333
322
317
36
-62
-277
-370
113
61
-3
11
58
54
7
32
20
40
-43
-85
44
61
21
49
16
35
74
124
124
49
31
34
-5
12
65
-262
-528
28
-26
-11
89
268
54
-53
-172
-1
161
-15
13
-28
6
14
24
21
-608
-248
48
10
-31
40
5
30
244
669
-155
-432
194
323
29
-42
-278
-374
93
62
7
29
44
52
19
38
18
2
56
-128
48
7
70
-1
40
54
98
135
60
31
44
24
40
-63
-432
-201
38
1
-37
-40
87
230
38
-34
-21
26
-7
-18
19
-18
-9
15
11
39
377
-938
-285
57
15
-33
7
9
-60
972
0
-253
-49
270
35
-29
-274
-356
88
42
9
33
61
51
25
15
13
12
7
34
51
-83
46
29
67
49
81
68
57
45
39
52
-188
-370
-28
10
0
-39
-44
-44
92
193
28
12
24
6
-40
-8
1
-21
-15
7
-4
308
356
-372
-1068
20
57
-15
-9
-16
2
899
48
-92
-116
133
37
-13
-267
-320
80
52
-6
18
70
54
17
26
4
16
-1
-6
5
2
18
95
23
84
91
86
-7
31
-110
-222
-152
50
4
-9
-8
-32
-48
-43
65
182
29
40
38
-14
-6
-7
-29
-31
-18
2
105
468
59
-628
-426
-353
23
54
-10
-45
-7
919
14
19
-64
15
13
-16
-268
-299
93
36
-9
2
71
63
18
18
11
3
12
-2
17
-1
-14
10
-10
13
36
43
-32
-83
-6
18
6
14
-15
-2
1
-30
-56
-36
63
171
63
45
12
-13
-2
6
-16
-40
-24
-18
403
231
-351
-557
82
-225
-358
38
46
-49
-31
902
18
26
22
-24
-40
-1
-258
-297
83
35
-13
5
71
56
24
31
14
-13
13
9
3
9
-14
8
-31
-23
3
2
-6
31
18
16
-25
1
-15
-2
10
-23
-56
-56
92
179
87
28
-3
-10
-4
1
-7
-24
-42
105
440
-12
-736
-61
63
46
-306
-352
67
-14
-14
851
17
-1
38
21
-51
-5
-259
-297
83
41
-11
7
55
73
28
21
14
-1
5
7
5
-9
7
20
-48
-22
19
-4
2
21
13
7
-30
-2
-8
1
11
-33
-50
-71
122
208
84
0
-8
-11
-18
-8
-6
-23
-26
405
164
-490
-368
73
10
8
50
-311
-332
-19
42
831
13
-5
0
72
-7
-51
-237
-293
64
48
-22
1
76
57
33
32
13
6
-3
8
7
-3
-7
5
-1
-5
-3
1
-12
41
-18
-8
-11
-7
-17
17
-4
-36
-59
-75
153
214
72
-7
7
-29
-21
-18
-10
-14
167
351
-137
-689
31
37
16
14
28
41
-317
-355
-4
866
7
-12
-15
63
62
-54
-289
-277
68
39
-10
2
70
63
35
18
19
3
-3
7
18
-11
1
-2
-4
1
-18
14
-9
23
-17
1
-4
-16
-6
-5
9
-44
-79
-27
241
141
-3
11
6
-26
-8
-5
-5
19
385
89
-606
-219
60
15
1
11
9
18
24
-251
-381
885
-11
-26
-13
38
89
-21
-290
-293
76
18
1
3
62
58
35
31
12
-12
9
15
3
-6
-2
14
-3
-5
-24
13
-6
20
-16
7
-13
-9
-10
3
-8
-53
-90
86
226
78
-57
17
13
-20
2
16
12
171
294
-189
-673
88
23
11
-1
16
-9
20
-4
-38
122
