-81
-9
-92
31
219
-45
-15
4
-84
-23
5
24
-28
-32
38
-21
-21
-1
43
-8
-25
42
148
70
24
-7
-2
2
8
5
-2
3
-13
-7
-17
-3
-6
-16
-2
-14
-19
-41
-38
-52
-58
-32
-17
45
74
6
31
93
23
9
-22
-76
-60
12
19
-39
-12
8
4
92
-118
-16
-103
52
219
-54
-15
13
-98
-20
11
-5
-23
-1
8
-38
27
-8
15
-15
1
29
71
103
53
20
2
10
-5
4
-1
-4
0
-12
-14
-6
-6
3
-8
-14
-28
-45
-50
-54
-51
-30
-15
85
49
-3
7
84
31
-17
5
-27
-53
-7
-2
-3
-39
11
5
17
-29
-43
-101
90
199
-70
-10
45
-115
-38
13
4
-20
-7
7
-17
12
-16
7
-41
45
16
24
45
45
24
89
23
1
-3
3
7
-13
-9
-14
9
2
2
-12
-30
-39
-37
-62
-58
-43
-21
-2
128
13
4
-12
37
48
-41
5
15
-18
-31
5
2
-27
-16
15
-1
11
-82
-93
101
191
-72
-10
45
-89
-56
12
-3
-8
-10
-5
10
0
-4
-7
-36
23
38
6
21
100
66
-68
27
89
-2
0
-4
2
-10
-2
11
-13
0
-25
-26
-47
-33
-70
-58
-31
-9
12
152
-1
-6
-11
-9
30
-81
97
-10
-8
13
-21
-8
-4
-25
0
-1
25
-74
-104
109
178
-77
-8
63
-101
-56
0
-2
-7
0
10
-12
7
-3
-61
-36
75
43
2
1
52
105
62
-97
16
84
-1
3
-4
-9
11
6
-10
-19
-30
-33
-38
-55
-67
-42
-22
-6
63
103
9
-4
-38
-45
49
-13
-27
73
23
3
-13
-21
-3
-18
-13
8
-59
-38
-67
134
162
-80
-7
73
-101
-75
3
-10
-8
-3
22
-5
-20
-34
-45
68
12
24
25
-6
10
73
111
13
-126
100
38
-9
3
-4
15
-2
-21
-24
-28
-38
-45
-59
-58
-28
-16
-5
117
59
1
-14
-31
-14
39
2
-39
-34
170
-39
0
-27
-21
-13
-27
9
-64
-51
-54
156
143
-79
-9
73
-102
-79
3
-12
4
-11
16
0
-14
-21
-6
-19
24
-49
115
5
6
15
122
57
-49
-35
92
-6
-6
12
3
-3
-29
-28
-24
-38
-54
-60
-43
-18
-18
-2
187
-32
-14
-25
-22
-4
57
62
-34
-131
164
57
-32
-18
-22
-27
-21
-10
-61
-56
-45
157
131
-79
-7
63
-101
-60
0
-3
-11
2
-7
9
-11
-21
-34
-30
37
32
40
28
9
-7
82
111
-12
-103
120
3
0
1
3
-4
-28
-37
-33
-35
-55
-62
-29
-12
-19
26
170
-85
-2
-4
1
-10
27
74
-79
-72
91
150
-38
-8
-32
-21
-36
-17
-60
-75
-14
152
116
-74
-14
69
-123
-43
15
-17
-2
3
-1
9
-8
-19
-31
-46
60
-16
38
31
21
12
29
130
33
-102
91
24
-13
8
5
-24
-28
-37
-31
-41
-67
-42
-25
-15
-18
45
150
-74
0
-5
0
-9
7
40
-99
-4
27
184
8
-11
-21
-32
-40
-19
-60
-85
-2
152
104
-74
1
89
-160
-29
10
-12
-48
23
21
5
-11
-26
-32
-29
0
5
22
115
9
-21
-1
101
104
-96
71
36
-5
-1
-10
-26
-23
-38
-32
-48
-53
-37
-26
-23
-14
83
113
-54
-10
0
-3
-5
-5
45
-120
19
-19
144
75
-2
-6
-37
-27
-42
-59
-98
22
141
103
-70
8
79
-153
-50
12
-2
-11
-17
38
-16
-8
-35
-4
-33
1
64
-46
104
22
-36
9
45
135
-75
64
64
-18
-10
-12
-22
-23
-36
-47
-39
-43
-31
-27
-25
1
127
32
-19
-12
-6
-11
5
-19
47
-11
-58
-50
51
144
4
6
-17
-7
-47
-85
-108
61
138
80
-65
3
67
-142
-51
12
-5
8
-23
17
-17
-10
-10
-25
-12
-5
46
-6
70
29
-38
6
29
130
-74
72
57
3
-22
1
-19
-36
-40
-44
-32
-37
-26
-28
-35
67
85
0
11
-33
-5
-5
0
-15
7
92
-38
-133
13
121
34
9
12
-9
-13
-173
-35
118
72
71
-61
7
45
-141
-23
5
-4
1
-13
-14
-23
12
-18
-20
-49
67
11
31
27
9
-28
22
15
91
-56
113
33
5
-2
-5
-15
-53
-50
-45
-25
-25
-25
-27
0
110
27
-27
29
-46
0
0
1
-6
-7
89
21
-165
-10
58
68
33
10
3
-8
-170
68
63
25
73
-56
-7
59
-108
-83
-1
-11
-6
8
-8
-25
-18
3
-20
1
52
2
85
-22
-5
-14
-1
22
35
-8
120
46
-18
2
0
-11
-44
-90
-62
-13
-15
-23
-30
114
22
34
-24
22
-37
1
3
11
8
-12
36
2
-97
-29
1
92
5
28
11
14
-87
1
40
64
32
-55
-2
-1
-46
-74
-19
35
-15
-1
-61
-14
-18
-1
11
38
-23
39
104
-52
-1
6
4
8
13
36
109
26
-15
-18
4
-17
-11
-80
-101
-28
-20
25
31
67
5
29
-24
18
-6
13
-2
-9
-15
-30
-15
-3
-30
1
-22
21
71
0
10
43
-88
-11
72
84
-14
-45
7
73
-136
-35
-35
27
-13
-19
-96
76
-23
-49
-4
54
5
42
91
-49
-4
9
6
8
7
50
30
31
9
-8
10
-24
-28
-9
-42
-108
-7
52
12
41
12
18
-15
-7
14
-7
-35
-13
-15
-11
-12
13
-29
-24
6
13
24
72
-15
-3
-22
-5
90
71
-20
-55
6
81
-43
-73
-79
-13
-3
-11
-51
29
-61
11
126
-31
-19
21
54
-19
-5
3
27
-3
6
35
54
82
-2
-26
-23
-46
-8
-6
33
-122
-65
47
30
24
25
12
-37
-14
-5
-22
-6
-7
0
-10
0
0
-13
-69
27
-12
8
26
30
52
-10
8
70
54
-15
-53
8
75
-19
-73
-71
-34
-25
10
-93
4
33
52
25
-4
10
-9
45
-14
10
5
26
-3
21
95
55
23
-28
-12
-12
-19
-44
14
4
-67
-100
20
28
30
33
-1
-37
-12
10
-36
-7
13
-20
-5
-2
7
2
-93
8
3
-3
5
10
12
94
38
20
47
-12
-47
5
59
-3
-60
-34
-92
-2
-4
-77
22
25
-15
84
55
3
-83
36
-1
13
17
7
12
71
100
13
4
-20
-3
29
11
9
-19
-66
-40
-139
2
20
37
25
-10
-44
33
7
-48
0
6
-19
1
0
9
14
-109
-6
-7
-5
17
7
5
115
41
5
23
0
-30
4
55
-43
24
-46
-102
-7
-22
-68
53
-2
2
107
31
-20
-63
4
23
23
8
-4
22
116
65
5
-7
-43
34
47
25
-89
-62
7
3
-96
-74
9
43
32
-23
-32
39
32
-67
-2
3
-13
-3
11
1
16
-92
-30
1
-14
-11
3
18
165
13
19
8
-12
-14
-2
86
-32
-29
-14
-124
-18
-13
-22
18
-6
-44
73
10
-43
140
-106
64
-1
18
5
29
149
21
4
-22
-15
2
-4
3
-4
12
-49
-3
-37
-146
-7
36
46
-3
-48
40
56
-82
3
-2
-14
3
5
7
6
-54
-58
5
-14
-21
-14
10
216
9
-9
16
-4
-15
-8
76
-19
-16
-45
-96
-46
-1
10
-25
-15
2
96
3
-24
-24
70
-55
39
11
-5
67
139
14
-8
-17
-7
-33
-17
-8
-21
-147
-11
49
122
-93
-88
26
73
-11
-47
25
76
-72
-14
6
-12
1
-3
9
5
-29
-53
-17
-12
-16
-17
3
217
9
-13
31
-14
-19
-4
75
-27
3
-24
-134
-35
-17
2
-51
-8
65
107
-95
23
12
63
-103
24
9
24
111
111
12
-6
-29
-24
-29
-14
12
44
-55
-95
-27
119
4
-167
1
69
-2
-37
23
50
-28
-25
6
-9
-2
-4
1
6
-19
-26
-47
-13
-15
-11
-1
213
2
-16
51
-10
-44
9
78
-41
17
-36
-102
-49
-54
27
-46
-17
96
32
-39
10
9
-13
9
0
19
21
116
98
16
-18
-37
-22
-26
-8
57
34
-22
27
-203
103
44
-114
-88
78
-11
-40
9
36
15
-40
10
-8
-5
1
3
-4
-7
-22
-27
-42
-17
-12
4
199
-20
-4
65
3
-52
13
88
-44
-35
-27
-70
-62
-10
-32
-50
73
35
20
27
57
-59
-33
47
-34
-18
27
124
94
15
-11
-39
-26
-27
9
61
20
4
-40
-261
188
62
-17
-163
44
-7
-11
-15
12
57
-46
10
-3
-13
-7
5
3
-9
-26
4
-53
-23
-9
-5
179
-17
-2
71
3
-48
11
90
-38
-57
-37
-55
-43
-27
-21
-47
73
36
1
63
7
-11
3
-53
78
-166
85
141
101
8
-26
-44
-41
-21
20
66
28
25
-83
-250
197
73
30
-156
-13
-9
-6
-24
12
60
-36
12
-14
-5
-9
6
-4
-2
-22
1
-16
-49
-23
14
183
-2
-14
60
-15
-52
10
92
-33
-5
40
-163
-62
14
-42
-40
60
26
-6
-7
40
35
-53
-17
89
-101
-39
172
130
4
-37
-54
-58
-16
31
65
33
41
-114
-210
178
83
48
-102
-79
-3
-21
1
-2
52
-30
3
-8
6
-6
-2
-6
-6
-1
-24
-1
-15
-31
-17
200
-5
-4
36
-17
-52
5
89
-10
2
-30
-107
-79
-11
23
-50
10
38
-8
-27
-26
98
-10
-16
-7
91
-140
131
171
-7
-48
-58
-39
-5
3
66
56
51
-155
-162
156
109
26
-77
-101
-10
-22
21
-16
25
18
-23
4
-6
2
0
-7
0
-9
-20
-20
4
5
-14
182
-20
1
37
-31
-58
5
98
-9
7
26
-78
-69
-80
-6
-20
-57
45
13
-46
-2
28
61
5
-28
83
-48
-85
252
26
-50
-13
0
-14
-37
27
88
36
-192
-107
179
60
-1
-40
-101
-27
-10
20
-14
9
35
-12
2
1
-5
4
-11
7
-16
-6
-22
-15
5
4
167
-5
-6
34
-35
-58
6
96
-23
18
16
-82
-58
-33
-53
-15
-17
13
-5
-10
-38
60
39
11
-7
-20
63
-69
-43
235
16
-20
3
-90
-43
104
86
-2
-194
-17
90
-50
73
-28
-89
2
-8
14
-9
0
32
3
0
3
-2
-13
10
6
-7
-11
-20
-4
-16
0
164
-3
-8
38
-38
-51
5
96
-38
16
19
-6
-20
-119
17
55
-78
-76
8
-9
-34
48
4
10
13
-23
35
-1
-79
-2
213
-40
-36
-60
-102
242
77
-12
-147
-57
31
-35
73
-16
-44
-1
2
-4
-3
-12
27
29
-11
0
8
6
-4
-6
-9
-15
-14
-7
-9
-12
170
4
1
29
-42
-48
11
77
-45
13
25
17
-3
-80
6
34
-50
-66
-80
-9
-5
19
2
27
-36
47
-18
69
-47
-98
70
142
-31
-27
-26
80
104
-36
-95
-105
84
-7
9
6
-39
-19
8
-12
3
-7
-2
47
-12
7
4
2
-12
-5
-6
-12
-11
-4
-6
-2
165
-9
16
20
-45
-44
5
75
-52
11
22
14
10
4
4
-35
-95
-38
89
-110
-45
-22
41
-7
21
2
-31
37
48
-78
7
-22
203
-4
4
-3
-8
-43
-45
-49
13
60
36
37
-128
-30
30
-20
-2
1
-2
36
6
-2
-5
-1
-15
-2
0
-8
-12
-3
-6
13
162
-2
4
11
-50
-38
14
83
-60
8
20
11
9
14
19
-18
-73
-25
-13
40
-161
-21
57
-5
7
-12
-12
-9
68
-4
-16
-59
-27
154
49
-23
-43
6
-49
-33
-17
-19
45
156
-146
-4
28
-33
5
0
-4
23
26
-21
-6
-3
-11
7
-4
-6
-1
5
9
27
117
-2
4
23
-46
-51
22
66
-49
5
24
15
7
3
16
-1
-3
-41
31
-83
-39
-92
16
5
1
0
1
-20
-20
111
-7
-89
-47
9
102
80
-32
-32
-63
-20
-17
-15
60
184
-188
17
24
-19
-4
2
3
-10
51
-33
-7
-7
6
5
-11
3
10
14
1
32
92
-1
-2
28
-42
-40
12
69
-57
21
17
7
7
2
6
18
-80
-18
71
-13
-21
-97
-28
-31
12
-7
-2
-23
-22
30
98
-62
-60
-31
28
50
97
-51
-56
-27
-13
-11
129
66
-119
-22
20
11
-4
-4
-1
-9
30
4
-14
6
0
-6
4
-4
-2
11
11
16
89
4
13
22
-44
-41
22
67
-51
-1
27
7
10
1
8
2
-142
27
85
-20
20
-9
-92
-55
-18
-10
-2
-9
-18
32
0
63
-101
-5
-12
46
-30
73
-26
-28
-1
-6
180
-73
-47
-14
28
-10
9
-15
-2
6
-4
22
-7
-4
-7
5
4
1
-3
6
2
16
110
6
7
33
-62
-37
17
75
-62
7
22
9
2
8
7
-17
-147
15
124
-28
-3
4
-32
-60
-34
-23
-8
-4
12
11
-16
-4
-51
7
6
-7
2
4
-7
16
23
-1
179
-144
-24
41
38
-57
21
-10
-4
10
-21
32
-5
-18
6
3
6
-2
-1
5
-1
11
117
2
25
43
-80
-36
16
73
-66
15
18
16
5
-1
2
-53
-137
68
95
-14
-5
-23
15
0
-71
-82
-7
3
14
0
16
-45
-64
70
-8
-40
1
2
12
-24
14
67
78
-75
-20
81
0
-46
4
10
-14
4
-8
20
33
-30
-5
3
-1
5
-4
2
-3
12
119
7
34
26
-78
-38
24
63
-64
19
20
5
-4
12
-11
-117
-14
72
38
8
-13
0
-2
-21
7
-52
-84
-11
15
-23
20
-49
-4
-27
108
-54
-32
-13
2
0
-12
-21
44
47
-5
104
17
-58
-52
19
1
3
3
-15
74
-23
-28
2
1
5
-1
-1
0
10
120
6
36
29
-90
-33
20
66
-59
17
20
6
5
7
-13
-170
64
109
-29
-10
14
-21
14
-13
12
-38
-9
-88
-8
-4
-62
28
-17
-17
8
39
5
-50
-28
9
-11
-18
-3
10
49
155
6
-14
-88
-14
21
12
-12
-30
75
11
-32
4
-2
0
0
9
-5
8
108
-9
49
37
-84
-38
21
66
-56
7
18
16
11
6
-35
-160
84
107
-14
-22
-29
17
-7
-3
-6
-9
-34
-14
-11
-67
-24
-7
-22
25
20
-35
13
9
-50
-13
-15
-11
-2
1
-6
18
92
100
11
-114
-35
51
-2
12
1
68
-28
-12
5
3
-3
-1
-2
12
103
-2
30
36
-75
-38
23
57
-42
-4
28
6
5
2
-51
-109
94
56
28
-34
-29
-10
16
-13
-11
-10
-5
-36
-18
-32
1
14
17
-19
14
-31
8
-12
-36
-40
-25
-8
-13
-4
-11
-4
-6
51
133
29
-155
63
12
0
5
67
10
-29
4
1
-4
-1
-8
9
103
1
13
34
-57
-36
21
62
-51
11
17
8
0
1
-31
-89
93
41
-4
-10
-32
-10
-8
4
-13
-27
7
-19
-8
-25
-4
9
-11
-19
2
-2
-15
-13
-2
-23
-25
-36
-10
0
-8
-15
-4
-5
111
40
-33
-35
47
-5
19
19
54
-26
-14
10
-10
2
0
2
109
1
14
26
-49
-38
20
64
-51
11
19
8
1
-1
-9
-136
126
39
-12
-10
-12
-24
-23
1
-12
-15
-7
-34
-17
-12
4
-10
2
-1
-31
-23
-27
9
3
27
-29
-23
-18
-16
-1
-10
-4
0
24
96
-47
-24
58
19
7
-3
53
20
-32
10
-8
-4
2
11
105
0
21
26
-60
-36
15
72
-54
10
16
8
-3
8
0
-154
154
-8
4
11
-12
-21
-39
0
-12
-23
-26
-39
-11
9
-16
-9
1
-33
-15
6
-37
-20
25
10
-22
1
-19
33
-29
-13
-9
7
-10
27
-29
-9
119
25
-1
17
8
59
-22
-10
-1
-1
3
0
103
6
11
46
-66
-37
18
59
-45
-3
20
12
6
0
-5
-119
128
-22
13
-1
-1
-8
-28
-28
-18
-23
-26
-52
8
-32
24
-18
-13
-11
-20
-7
9
-34
-24
10
-15
-6
63
231
-161
-102
-22
-11
6
-1
-12
-11
91
53
21
5
4
38
21
-22
-4
5
-6
11
91
5
14
31
-51
-31
23
46
-50
5
27
11
1
0
5
-118
106
-15
12
3
-3
-18
-9
-6
-57
-29
-30
-23
-34
-9
-13
16
-19
-24
-16
-11
-7
17
-38
-8
-8
-10
261
75
-5
-79
-206
-4
-23
8
0
-18
75
71
17
8
2
-23
60
7
-12
2
-4
8
76
17
7
31
-35
-27
26
43
-72
14
25
9
1
3
5
-85
64
0
21
0
-21
-6
-18
15
-7
-100
-40
5
-35
-10
-39
0
-11
-10
-13
-4
-12
-17
-12
-4
-22
194
156
-10
-1
-2
-157
-112
0
-36
-1
-8
69
85
18
2
-15
4
12
48
-17
1
-5
4
75
9
12
38
-30
-22
17
42
-65
18
19
-10
-7
19
19
-22
-37
43
13
7
-19
-16
-20
0
-6
-14
-65
-82
3
-28
6
-37
-12
-12
-14
-3
-6
-15
-5
-8
21
274
48
-10
-8
8
-120
-38
-67
-59
-26
30
95
9
25
-11
-3
1
-2
27
36
-29
4
11
88
-1
1
43
-28
-25
23
41
-67
15
16
1
5
10
11
-3
-27
22
-6
11
-19
-16
-17
-9
-4
0
-1
-46
-109
-34
-11
-2
-13
-25
-1
-4
-8
-11
-9
-11
181
149
21
-15
-6
15
-120
-17
106
26
-12
30
-62
-128
23
3
-21
-1
5
-18
50
13
-19
-3
110
8
-1
46
-36
-33
31
43
-65
11
9
6
3
10
11
8
0
-15
-5
-6
-7
-19
-10
-14
1
-5
-1
-9
-51
-95
-57
-8
-6
-1
-12
1
-18
-7
-9
106
173
52
5
-7
-12
20
-136
44
104
2
7
-2
-1
-127
-61
18
-5
-4
-8
-13
-2
52
4
-13
167
-61
12
36
-36
-22
28
53
-81
6
22
-3
3
13
10
11
5
-8
-6
-17
-8
-17
-7
-5
-16
-8
-2
-13
-48
-60
-32
-55
-29
1
4
-10
-12
-23
170
119
8
45
7
-7
-9
1
-97
88
28
8
3
-1
4
-24
-176
19
8
-17
5
-13
-17
21
50
18
129
-31
-19
44
-37
-23
29
52
-77
17
10
-9
7
4
21
6
9
-3
9
-22
-23
-16
-4
-18
-13
-5
-18
-7
-67
-63
-19
5
-37
-32
-12
3
-13
81
209
12
-10
30
13
-13
-1
8
-40
45
5
6
-2
-1
0
-5
-69
-112
13
0
-12
14
-36
2
31
66
72
51
-58
50
-44
-18
35
40
-69
5
0
13
7
2
16
8
10
7
10
-39
-5
-19
-21
-14
-13
-19
-15
-28
-58
-43
-15
-10
-11
-10
-22
-11
59
199
33
11
-10
19
-3
-8
0
15
4
-11
19
-8
4
-5
-6
-7
-4
-103
-70
17
13
-9
-17
-8
2
33
99
60
2
17
-54
-14
30
57
-84
8
11
4
6
14
15
1
-3
6
19
-34
-21
-32
-13
-27
-15
4
-34
-30
-54
-26
-6
-10
-6
-27
15
155
103
19
2
-15
-3
22
-4
-14
-11
0
3
13
17
-10
-3
3
-7
-9
-15
-135
-1
-25
25
4
-14
-1
4
-6
135
8
70
3
-67
-13
24
51
-62
6
16
8
1
12
14
-5
11
-11
15
-6
-30
-78
13
-40
-7
-18
-23
-34
-34
-24
-9
-9
-13
62
153
56
11
5
-5
-4
-16
18
-9
-16
-7
-13
14
16
7
-4
4
4
-3
-6
-106
-152
84
-4
6
17
-6
-10
2
19
120
-15
43
40
-53
-22
23
51
-53
20
-1
-2
18
4
15
-3
-1
-7
8
10
-2
-12
6
-36
-97
-45
-32
-34
-37
-2
-5
55
103
101
-12
20
6
4
1
-18
-18
8
-4
-17
-9
-8
13
9
8
7
-7
8
-8
-38
-175
-26
165
9
-99
8
0
-8
11
15
107
-5
2
36
-9
-17
21
39
-44
9
11
-6
4
9
10
-6
11
-7
14
3
2
-11
4
11
-7
-2
-28
-48
-35
7
63
17
3
2
-1
13
-3
6
-12
-13
-9
9
-19
-15
-15
4
8
8
1
4
-1
9
-1
-141
-106
105
117
5
-35
-99
-3
2
10
6
120
-8
-5
-1
7
3
20
48
-50
14
1
-1
10
-2
13
-3
4
2
11
-7
13
-19
4
12
-1
11
-14
-2
-7
-7
-2
-8
-7
13
10
4
2
-4
-6
-15
-8
-1
-14
-20
-9
1
12
2
1
-3
3
6
-34
-167
-3
165
51
-10
4
-40
-107
-8
26
0
126
2
-10
-14
-8
12
23
48
-43
14
1
-7
11
4
4
5
4
-5
7
-7
10
-1
15
-15
-6
24
-1
-13
-5
-9
0
-3
-4
7
0
8
0
-6
-19
-8
-7
-13
-7
-14
1
3
13
5
-3
-10
2
4
-133
-72
116
92
7
3
-5
16
-42
-124
17
15
120
0
0
-5
-24
7
30
23
-34
30
-3
1
5
-1
9
10
-3
-1
0
-2
6
-2
4
4
-6
0
-6
-3
-8
9
-10
4
-1
3
2
9
-7
-1
-31
3
-15
1
-14
-12
11
-3
11
13
-7
-12
-3
-46
-131
34
136
24
6
-11
-5
20
19
-68
-115
17
137
-5
8
2
-17
-13
29
44
-43
14
4
2
-1
-4
10
14
5
-14
8
1
2
4
-3
-1
-3
-2
-4
6
-13
9
0
3
-5
-5
3
1
3
-13
-14
-9
-4
3
-21
9
0
3
7
3
-10
-11
-13
-128
-34
125
56
6
6
1
6
10
3
-3
-50
-103
116
2
7
3
-5
-19
19
39
-41
8
14
6
-7
9
17
10
-8
-13
8
0
6
11
-10
-7
-2
-7
-13
21
-16
23
-6
6
-14
5
-5
1
3
-10
-10
-19
33
-33
-24
36
-9
0
11
-2
-17
-8
-66
-102
41
118
21
4
-12
32
-8
9
-10
8
-1
-38
