405
555
1534
1443
1049
1390
1447
1123
441
403
489
535
528
674
524
645
682
662
496
511
689
547
577
787
912
971
1007
1012
1039
1053
1081
1081
1110
1128
1159
1157
1171
1194
1184
1205
1243
1306
1351
1436
1534
1614
1667
1432
721
792
922
1002
953
1023
886
718
671
679
754
999
753
446
463
696
448
659
1440
1271
1039
1399
1461
1157
470
398
435
471
485
583
446
816
510
597
618
644
635
352
385
619
845
929
992
1012
1036
1050
1083
1097
1118
1132
1158
1166
1168
1160
1161
1188
1229
1306
1384
1467
1562
1650
1686
1148
730
854
923
935
896
824
857
710
749
631
599
815
917
666
468
444
547
851
1353
1055
1031
1395
1453
1242
542
387
437
421
470
553
513
711
516
490
596
868
621
361
355
385
510
613
857
981
1024
1062
1087
1104
1126
1146
1171
1148
1133
1131
1141
1189
1253
1328
1422
1518
1611
1682
1708
909
778
842
810
849
961
1088
667
622
634
817
629
603
879
814
541
483
723
1001
1406
1000
1048
1394
1445
1182
745
387
399
415
397
482
502
455
493
504
540
777
664
370
349
343
613
793
579
674
1003
1073
1103
1114
1122
1145
1145
1125
1118
1117
1160
1203
1281
1347
1454
1561
1647
1694
1649
747
842
791
686
575
1008
1605
1188
558
531
643
789
619
733
843
650
521
585
847
1420
887
1056
1391
1430
1222
761
388
419
410
417
473
480
381
400
437
705
991
808
375
353
332
417
742
933
611
758
1068
1100
1110
1129
1147
1127
1099
1107
1130
1184
1241
1303
1405
1514
1606
1668
1711
1375
791
815
699
519
347
967
1474
1591
1257
534
597
702
767
674
820
693
472
286
765
1373
756
1062
1384
1424
1265
783
425
369
444
452
463
465
377
435
600
936
662
681
480
378
364
346
558
888
929
557
980
1082
1121
1134
1137
1110
1088
1119
1168
1210
1268
1344
1447
1553
1638
1690
1729
1059
690
656
632
639
748
1099
1250
1461
1633
909
606
683
746
751
759
769
491
296
834
1297
672
1102
1399
1418
1244
848
389
447
386
465
489
444
406
490
580
599
611
596
963
428
393
371
412
728
962
807
778
1077
1118
1147
1128
1101
1103
1146
1194
1232
1293
1380
1493
1582
1659
1699
1708
1010
776
916
1051
1105
1112
1169
1130
1270
1719
1272
808
748
661
792
750
766
639
298
932
1300
576
1133
1413
1423
1261
755
377
400
483
434
462
418
418
463
587
704
925
839
682
440
457
495
411
571
915
990
651
1028
1107
1123
1115
1090
1106
1153
1211
1264
1327
1418
1534
1611
1663
1703
1443
1035
1144
1148
1145
1125
1077
1056
1182
1514
1701
1470
916
794
768
715
811
752
748
278
1057
1284
506
1158
1410
1400
1244
730
383
381
452
499
513
455
375
428
542
621
1028
804
775
698
678
635
446
452
814
1005
638
949
1069
1120
1102
1084
1122
1167
1232
1285
1358
1466
1559
1634
1682
1726
1038
963
1178
1144
1122
1114
1073
1011
1274
1682
1695
1633
1047
818
825
803
783
794
706
298
1115
1253
447
1174
1425
1436
1248
701
425
365
357
703
522
457
379
403
576
762
943
1038
1041
749
456
478
439
424
633
970
644
898
1064
1099
1095
1106
1149
1189
1258
1312
1399
1487
1584
1660
1699
1751
606
884
1179
1161
1145
1111
1065
1011
1158
1705
1683
1718
1312
772
791
882
754
827
771
375
1197
1229
448
1179
1421
1429
1239
818
375
435
381
482
614
446
475
519
732
728
953
992
613
845
437
506
406
440
464
834
582
873
1036
1089
1107
1124
1167
1213
1273
1352
1423
1502
1600
1671
1720
1529
336
813
1158
1175
1156
1122
1080
1048
1011
1405
1622
1721
1601
860
756
867
790
780
815
606
1232
1146
510
1186
1415
1418
1246
863
338
441
426
404
656
397
511
637
660
771
962
1085
679
776
422
451
396
482
438
808
532
837
1042
1077
1118
1125
1166
1238
1305
1377
1446
1531
1613
1674
1737
830
441
745
1136
1169
1154
1130
1109
1071
1019
1082
1314
1708
1690
1160
678
769
858
769
807
1038
1180
881
511
1170
1396
1397
1259
1105
383
399
477
549
526
556
596
529
647
868
1088
827
864
555
474
446
432
477
485
679
490
873
968
1067
1110
1120
1153
1264
1350
1432
1492
1566
1643
1695
1179
470
555
702
1150
1179
1149
1130
1090
1034
968
1012
1025
1664
1703
1512
618
706
737
820
734
1070
861
601
517
1161
1362
1389
1194
977
526
325
704
542
723
484
777
797
701
933
1014
782
743
472
467
417
419
444
443
530
495
858
979
1019
1103
1119
1123
1215
1390
1510
1553
1614
1647
1066
486
629
585
664
1171
1152
1118
1073
994
894
791
913
757
1563
1674
1655
1170
531
611
691
689
643
448
468
669
1202
1369
1387
1291
790
678
367
558
493
546
721
852
861
834
878
831
1034
506
536
465
406
416
405
453
455
526
881
1005
1031
1091
1141
1153
1169
1344
1543
1589
1263
679
361
572
696
640
632
1179
1031
983
922
870
885
931
950
900
1590
1650
1668
1620
1196
499
492
654
396
353
533
857
1252
1387
1403
1158
911
880
470
523
487
372
967
684
757
900
1111
957
551
401
548
426
400
413
402
472
470
557
632
790
926
1026
1143
1238
1285
1268
1169
599
450
462
422
576
716
660
577
1236
945
1002
1060
1110
1157
1137
1081
969
1532
1711
1683
1672
1598
1199
567
406
392
381
649
939
1243
1401
1421
1201
629
722
488
588
507
420
861
632
974
984
958
716
444
422
486
427
418
400
447
458
488
481
534
825
999
1109
1196
1313
1335
1318
1087
418
431
482
431
565
686
620
516
1279
1180
1219
1202
1196
1194
1151
1106
1014
1360
1751
1691
1710
1692
1649
1570
1291
399
399
683
924
1236
1408
1424
1198
640
858
624
556
486
447
972
965
858
848
852
1275
558
410
444
415
413
437
469
465
515
644
838
994
1079
1115
1151
1199
1299
1269
1188
588
371
440
454
512
660
590
485
1270
1207
1248
1225
1215
1208
1174
1130
1038
1246
1745
1715
1706
1696
1688
1672
1665
425
438
569
889
1272
1425
1439
1215
628
931
673
686
467
563
978
853
712
941
1048
1234
1176
466
443
417
427
481
475
586
601
838
934
1023
1099
1127
1052
1020
1024
1075
1150
984
396
401
438
493
635
576
481
1232
1217
1242
1229
1225
1205
1176
1143
1070
1227
1721
1703
1715
1711
1673
1653
1654
452
501
562
938
1302
1415
1435
1201
881
811
868
571
405
599
871
693
781
691
1019
1283
1060
954
405
382
410
477
458
634
736
957
999
1066
1160
1080
966
999
1150
1271
1230
1131
680
394
384
474
638
542
467
1190
1198
1247
1222
1208
1185
1172
1162
1094
1209
1666
1688
1683
1692
1706
1695
1680
490
532
535
903
1299
1395
1431
1199
694
858
906
520
538
516
719
705
644
854
727
1240
1410
909
659
462
386
505
409
720
835
1023
1049
1110
1128
956
985
1027
1007
1063
1108
1038
1041
409
406
489
615
495
531
1080
1161
1245
1213
1186
1185
1173
1153
1109
1159
1593
1678
1668
1671
1690
1704
1698
578
568
533
918
1284
1372
1423
1199
670
802
950
610
656
504
572
673
740
908
618
579
1099
1221
899
489
400
481
393
795
916
1023
1075
1123
1127
1181
1200
1181
1214
1516
1529
1422
1134
676
393
457
602
465
636
977
1123
1234
1223
1192
1184
1167
1160
1119
1139
1547
1637
1661
1660
1669
1690
1689
623
614
555
905
1282
1367
1421
1191
681
753
951
540
609
599
626
836
940
596
810
403
650
1048
934
1113
382
471
429
798
936
1016
1076
1142
1178
1238
1260
1209
1120
1230
1372
1433
1178
973
406
426
597
464
783
859
1022
1224
1235
1207
1189
1183
1168
1134
1102
1506
1584
1655
1651
1672
1677
1675
649
611
514
734
1256
1386
1414
1177
726
767
876
649
764
647
582
839
915
408
485
381
674
385
632
1406
921
336
404
724
902
1017
1096
1173
1206
1252
1250
1092
973
871
975
1440
1195
1086
602
387
521
427
924
772
811
1200
1244
1207
1203
1191
1169
1147
1085
1414
1567
1605
1648
1663
1670
1661
646
599
457
623
1244
1398
1411
1163
666
872
937
665
757
611
680
917
619
417
365
660
848
573
348
911
1236
571
375
647
890
1033
1111
1189
1234
1283
1256
1063
1046
1044
1143
1675
1235
1121
879
372
514
403
1048
693
580
1152
1260
1219
1204
1203
1189
1160
1100
1242
1562
1555
1628
1654
1650
1656
618
598
489
668
1247
1384
1397
1151
646
904
1022
721
846
614
680
911
635
441
337
584
581
1080
701
413
1096
1348
355
570
911
1046
1144
1239
1319
1354
1316
1150
1056
995
1202
1684
1259
1141
999
471
491
416
1149
553
439
1074
1256
1240
1225
1203
1174
1155
1122
1089
1455
1548
1557
1632
1663
1626
630
603
528
692
1256
1409
1415
1159
685
788
888
858
754
665
592
828
536
400
390
456
407
921
599
310
825
1420
916
527
942
1055
1171
1285
1399
1413
1355
1212
1131
1035
1285
1657
1293
1155
1027
597
438
449
1228
419
427
911
1218
1244
1228
1201
1181
1167
1153
1097
1196
1537
1547
1562
1597
1623
722
662
563
713
1262
1423
1439
1161
687
785
972
1048
874
646
549
811
781
379
483
711
735
786
426
366
523
1117
1506
696
900
1061
1213
1333
1397
1397
1385
1243
1130
1038
1355
1628
1308
1119
1008
670
447
496
1198
411
385
709
1128
1256
1227
1214
1207
1183
1166
1134
1083
1327
1560
1561
1524
1548
789
717
619
739
1270
1435
1449
1165
696
791
874
1021
1016
662
458
532
844
577
520
750
838
600
373
378
356
794
1328
1430
846
1058
1209
1246
1223
1223
1293
1237
1076
1036
1440
1577
1222
1056
869
616
406
570
1122
488
398
508
1076
1237
1231
1210
1213
1197
1196
1173
1131
1086
1323
1515
1523
1512
814
772
667
792
1279
1432
1435
1143
707
798
875
704
832
1162
1087
554
635
529
579
694
904
530
358
396
377
407
1099
1430
1416
997
1091
1030
971
1133
1320
1175
995
1059
1499
1375
1057
1082
710
496
407
624
1039
544
390
449
987
1194
1243
1222
1210
1237
1222
1208
1168
1127
1101
1166
1357
1466
786
762
674
808
1282
1419
1415
1118
661
752
808
808
711
980
1317
994
558
541
520
532
833
380
407
492
375
374
658
1256
1493
1446
839
496
685
661
1561
856
920
1093
1448
1379
621
766
917
382
365
659
968
544
401
403
794
1146
1261
1242
1220
1218
1222
1225
1208
1184
1161
1110
1060
1133
792
783
723
851
1276
1410
1393
1128
644
711
799
785
765
1009
1199
1208
1010
573
568
703
735
441
546
346
603
415
343
1024
1403
1562
1281
582
467
448
605
623
1017
1169
1403
1592
973
583
483
474
382
685
899
502
412
414
541
1098
1251
1254
1236
1237
1242
1243
1228
1220
1224
1179
1142
1098
815
822
769
887
1278
1401
1402
1122
657
737
815
809
806
857
949
1151
869
741
821
586
560
665
412
461
451
407
541
558
1192
1460
1374
1378
1044
1046
969
716
985
1337
1443
1527
1494
1156
856
713
387
743
801
499
462
413
449
1010
1177
1281
1257
1246
1253
1264
1234
1233
1242
1206
1153
1077
811
794
764
903
1282
1398
1389
1106
653
728
810
818
820
876
942
1019
939
852
1051
774
560
582
372
543
381
471
507
455
752
1230
1352
1425
1427
1020
1074
1250
1417
1419
1506
1550
1591
1652
1557
759
335
877
678
495
506
409
403
834
1109
1290
1282
1277
1306
1284
1233
1196
1170
1152
1142
1148
827
801
755
904
1280
1395
1382
1107
659
741
806
827
821
885
930
931
949
1059
1018
1004
609
514
380
502
472
447
447
546
495
933
1262
1439
1324
1436
1290
1276
1374
1444
1558
1597
1638
1689
1576
770
352
1023
532
447
487
430
411
562
1105
1270
1297
1280
1266
1232
1176
1175
1183
1199
1222
1208
835
818
771
921
1281
1387
1382
1108
651
719
807
820
804
883
950
912
1099
1208
919
991
915
565
426
502
451
414
467
665
647
386
1033
1360
1267
1426
1405
1316
1293
1433
1551
1603
1639
1685
1426
574
421
1125
487
429
471
468
386
400
989
1172
1257
1210
1208
1236
1247
1278
1274
1257
1241
1214
842
824
768
920
1281
1386
1372
1104
627
716
786
801
792
838
905
852
1341
1322
904
945
983
989
617
520
376
533
537
518
702
385
473
935
1160
1456
1468
1312
1395
1344
1509
1590
1598
1627
1196
472
637
1186
441
379
444
482
376
387
723
1079
1217
1282
1310
1296
1297
1296
1277
1268
1256
1219
858
826
775
933
1290
1381
1379
1093
616
695
771
776
787
827
883
801
1398
1488
1006
926
986
1006
959
720
536
649
437
609
486
408
475
603
839
1242
1457
1419
1400
1402
1409
1518
1556
1568
980
649
862
1182
576
355
424
462
400
385
497
999
1169
1332
1313
1311
1298
1287
1283
1264
1248
1221
859
830
797
974
1301
1379
1364
1089
618
710
767
777
782
816
833
894
1600
1404
977
1010
978
1010
1009
984
689
630
484
598
383
539
480
564
739
946
1422
1525
1449
1441
1409
1464
1500
1402
674
821
972
1244
1387
678
359
419
439
375
426
825
1118
1326
1314
1308
1302
1276
1267
1261
1240
1220
848
823
817
1017
1296
1370
1355
1081
634
724
772
789
787
798
759
1294
1551
1246
1007
1023
1004
987
1003
1025
992
863
598
522
408
646
567
729
554
616
1054
1398
1473
1466
1459
1471
1520
1551
1220
832
959
1234
1333
1443
795
376
430
392
410
555
1155
1258
1318
1311
1291
1268
1252
1248
1238
1220
828
798
833
1028
1306
1378
1359
1067
637
733
779
793
793
782
712
1572
1485
1071
1072
888
1062
1032
1021
1040
1086
989
989
792
633
516
811
689
711
561
378
1000
1349
1500
1542
1519
1536
1542
1571
1565
1304
795
802
1055
1406
766
377
390
400
436
971
1194
1304
1291
1279
1263
1253
1243
1236
1223
798
794
830
1032
1308
1388
1362
1067
625
723
782
795
790
791
822
1620
1438
1107
988
953
948
1090
1046
1033
1064
1127
1042
995
854
715
1103
838
730
704
491
472
1020
1409
1546
1555
1560
1547
1584
1597
1631
1571
1240
858
804
1376
806
379
380
405
630
1169
1250
1284
1274
1253
1240
1240
1233
1227
783
778
810
1003
1296
1380
1355
1057
634
739
778
777
786
785
887
1584
1344
1201
961
1013
1036
1008
1114
1084
1072
1138
1184
1072
1020
1019
1130
1067
1227
1240
1232
1125
1193
1284
1434
1528
1565
1521
1552
1582
1617
1629
1650
1535
1068
950
1433
333
398
430
449
1039
1194
1272
1263
1248
1252
1248
1249
1234
772
759
768
988
1295
1370
1347
1045
653
750
789
782
789
803
855
1513
1259
1095
866
880
1090
1065
1024
1140
1120
1157
1188
1248
1263
1289
1298
1295
1281
1315
1337
1342
1346
1343
1305
1402
1488
1567
1571
1549
1567
1611
1618
1653
1366
1268
1391
691
385
389
402
712
1185
1234
1280
1258
1266
1259
1257
1252
782
778
779
966
1292
1382
1350
1034
653
748
795
791
792
824
822
1548
1201
1016
833
884
925
1101
1127
1060
1188
1183
1194
1270
1334
1357
1349
1366
1340
1334
1380
1428
1458
1437
1429
1361
1389
1480
1535
1599
1588
1586
1599
1619
1573
1340
1460
1182
375
402
376
451
960
1193
1277
1279
1275
1265
1264
1253
800
791
795
975
1285
1385
1359
1030
639
737
790
789
792
832
797
1546
1080
880
852
891
962
974
1144
1150
1115
1217
1262
1337
1356
1336
1389
1399
1387
1438
1462
1444
1487
1517
1489
1454
1470
1420
1517
1529
1576
1625
1616
1596
1630
1571
1662
1667
366
406
377
408
616
1159
1213
1282
1268
1261
1246
1241
800
797
790
977
1261
1358
1336
1023
645
740
804
808
803
855
832
1400
979
835
831
883
955
975
975
1161
1196
1183
1307
1393
1363
1427
1368
1415
1448
1458
1498
1509
1453
1509
1569
1563
1562
1548
1511
1220
1413
1569
1595
1640
1618
1629
1682
1762
572
413
387
375
428
825
1193
1260
1272
1260
1245
1230
775
793
772
947
1262
1342
1307
1004
641
730
798
816
821
874
890
1328
989
816
856
932
963
989
1029
958
1207
1283
1315
1388
1445
1453
1459
1423
1473
1534
1562
1572
1579
1513
1598
1619
1626
1630
1252
1226
1182
974
1341
1561
1671
1647
1641
1764
758
412
405
375
413
401
1108
1193
1277
1262
1255
1243
728
752
730
940
1261
1333
1281
980
606
700
783
796
806
850
899
1177
1081
826
890
904
990
998
1002
1036
950
1237
1391
1356
1415
1432
1512
1506
1527
1535
1581
1596
1603
1615
1646
1646
1722
1067
1128
1242
1226
952
379
1015
1534
1687
1720
1783
723
388
425
388
384
430
675
1175
1210
1278
1272
1261
728
722
692
946
1261
1313
1281
996
630
714
764
781
816
858
892
942
1180
838
890
899
947
1030
1081
1069
1073
970
1148
1454
1449
1477
1466
1556
1570
1592
1599
1612
1621
1655
1662
1705
1564
715
1143
1221
1229
991
440
329
770
1580
1671
1638
424
397
439
435
420
426
384
898
1151
1249
1281
1264
723
740
719
972
1258
1317
1277
990
647
731
784
805
807
864
918
914
1108
831
889
900
930
980
1061
1108
1099
1103
1021
1106
1424
1536
1535
1516
1558
1629
1635
1636
1645
1650
1688
1744
883
796
1151
1232
1222
988
442
344
675
1097
1165
1174
802
356
411
430
406
414
413
453
1050
1133
1264
1302
712
731
710
963
1264
1330
1275
984
642
745
796
794
817
862
928
941
990
926
905
902
926
950
1013
1059
1103
1127
1093
1130
1222
1381
1575
1602
1601
1581
1625
1628
1654
1683
1708
1174
617
860
1171
1232
1226
981
419
529
1014
1174
1133
1160
1186
521
344
444
411
407
397
432
608
1097
1183
1294
883
710
701
980
1275
1335
1274
973
645
753
790
804
813
864
920
943
972
980
880
898
940
924
946
1015
1087
1119
1138
1157
1276
1387
1397
1567
1658
1639
1627
1650
1688
1762
1064
682
735
889
1173
1234
1214
983
428
839
1157
1164
1144
1156
1174
1046
399
382
433
390
423
388
484
735
1136
1171
1159
747
690
989
1291
1339
1273
982
641
739
790
807
813
869
914
942
970
983
977
876
926
960
966
988
1053
1080
1104
1159
1307
1458
1495
1462
1523
1619
1676
1681
1738
1356
736
794
784
901
1169
1229
1207
942
670
1075
1169
1165
1146
1155
1159
1209
796
335
392
426
378
409
405
539
677
1190
1309
993
660
982
1299
1335
1273
996
626
739
800
797
808
866
920
927
959
979
1019
976
891
935
996
1017
1066
1082
1117
1191
1315
1439
1488
1519
1553
1548
1560
1625
1363
835
863
837
826
915
1183
1237
1184
1012
1011
1172
1157
1170
1142
1148
1162
1186
1207
599
351
399
409
378
418
423
453
697
1366
1211
779
973
1296
1325
1283
1005
631
724
786
793
822
866
918
937
975
993
995
1051
923
971
978
1048
1047
1087
1141
1239
1374
1434
1465
1509
1533
1573
1510
1078
877
915
916
879
839
926
1156
1194
1160
1139
1165
1158
1140
1159
1141
1132
1147
1158
1197
1574
636
351
408
423
390
397
406
346
1318
1318
1065
1016
1286
1321
1292
1018
662
750
792
801
834
895
946
971
986
999
1011
1018
1052
1103
1020
1066
1095
1162
1211
1292
1360
1417
1462
1501
1553
1365
995
967
977
977
938
894
850
942
1135
1163
1175
1199
1205
1165
1157
1158
1137
1122
1129
1125
1433
1789
1417
349
369
426
411
402
386
388
1287
1335
1243
1127
1260
1297
1284
1017
697
777
829
823
841
911
965
982
1008
1012
1028
1027
1021
1026
1028
1046
1141
1164
1248
1339
1425
1418
1449
1339
1117
965
1015
1019
1010
1002
970
922
879
944
1126
1155
1195
1233
1219
1213
1206
1177
1146
1128
1130
1235
1703
1762
1134
708
355
378
432
422
377
370
1289
1303
1322
1258
1273
1286
1270
1002
703
796
832
823
825
896
959
977
995
1006
1009
1021
1019
1036
1035
1021
1031
1021
1034
1070
1113
1081
998
992
1010
1016
1030
1015
1013
1014
984
928
892
955
1126
1189
1234
1246
1233
1231
1237
1221
1181
1157
1139
1542
1773
1422
865
947
722
364
402
448
399
368
1270
1288
1314
1336
1312
1272
1271
1013
716
799
834
821
826
897
953
977
1008
1022
1009
1022
1031
1034
1043
1029
1037
1006
983
986
988
982
1013
1031
1047
1022
1023
1008
1006
1016
993
937
881
973
1152
1239
1267
1264
1254
1250
1251
1244
1220
1178
1283
1723
1711
975
914
977
1023
717
365
432
418
404
1255
1272
1271
1309
1330
1279
1274
1015
718
801
842
831
838
893
966
994
1015
1029
1028
1033
1040
1045
1036
1043
1063
1015
993
1012
1008
1010
1031
1044
1051
1021
1019
1011
1012
1023
990
940
869
991
1199
1283
1283
1275
1264
1246
1238
1232
1209
1183
1588
1752
1262
894
967
977
985
1035
724
392
373
415
1246
1259
1254
1254
1326
1319
1268
1031
738
802
850
828
829
905
962
995
1027
1040
1046
1043
1051
1058
1055
1048
1053
1052
1047
1044
1045
1033
1074
1056
1048
1037
1030
1013
1030
1026
990
931
856
1009
1223
1295
1288
1295
1266
1245
1227
1217
1203
1370
1721
1584
895
926
963
979
993
1021
1062
745
390
386
1252
1259
1247
1232
1295
1357
1303
1014
737
805
844
834
836
906
969
1004
1022
1041
1044
1041
1048
1066
1055
1056
1054
1050
1051
1033
1047
1038
1061
1044
1045
1041
1025
1019
1014
1023
979
900
873
1114
1255
1252
1263
1269
1243
1235
1230
1225
1244
1629
1718
1112
893
953
968
969
980
989
1007
1031
780
399
1284
1273
1247
1234
1272
1361
1340
1050
757
833
851
852
855
917
975
1010
1041
1053
1041
1050
1065
1068
1062
1060
1074
1071
1066
1042
1055
1049
1069
1053
1060
1047
1038
1028
1031
1023
970
880
966
1192
1270
1213
1230
1243
1223
1225
1241
1253
1424
1718
1529
856
944
967
978
977
993
984
1004
1000
962
1084
