1264
1255
1163
1194
1413
1368
1353
1357
1273
1250
1255
1279
1251
1219
1257
1236
1215
1214
1257
1249
1224
1266
1414
1484
1508
1501
1499
1501
1509
1514
1512
1515
1502
1495
1478
1475
1469
1453
1451
1437
1418
1377
1339
1287
1229
1197
1180
1225
1299
1305
1336
1429
1452
1461
1439
1363
1303
1315
1334
1295
1283
1291
1295
1387
1269
1253
1150
1202
1421
1367
1352
1365
1267
1247
1258
1253
1230
1229
1237
1199
1226
1218
1233
1218
1219
1248
1319
1422
1475
1495
1497
1507
1502
1506
1505
1501
1501
1489
1475
1469
1463
1466
1458
1444
1416
1371
1321
1267
1216
1186
1171
1256
1305
1302
1309
1393
1424
1407
1412
1385
1332
1325
1323
1320
1281
1292
1297
1314
1285
1242
1141
1231
1430
1360
1350
1395
1280
1242
1255
1259
1239
1232
1239
1222
1234
1218
1225
1184
1229
1245
1269
1314
1359
1383
1472
1495
1496
1493
1496
1503
1490
1481
1467
1476
1478
1480
1468
1438
1399
1362
1300
1242
1199
1178
1176
1304
1317
1321
1309
1346
1394
1353
1358
1373
1355
1324
1329
1331
1304
1288
1303
1302
1313
1231
1138
1239
1430
1358
1348
1393
1304
1248
1260
1257
1249
1239
1234
1244
1244
1240
1233
1197
1220
1258
1264
1285
1385
1451
1383
1410
1499
1497
1497
1493
1495
1485
1483
1494
1481
1481
1456
1430
1383
1350
1280
1222
1191
1182
1194
1346
1345
1339
1328
1319
1349
1268
1365
1355
1347
1360
1339
1331
1327
1302
1302
1301
1326
1252
1148
1257
1435
1358
1350
1413
1312
1256
1256
1254
1247
1247
1257
1245
1252
1249
1188
1152
1227
1270
1272
1273
1325
1430
1492
1395
1411
1495
1494
1497
1493
1484
1495
1501
1491
1472
1442
1409
1371
1316
1249
1207
1185
1179
1242
1345
1354
1350
1312
1267
1316
1303
1276
1349
1372
1375
1362
1341
1338
1320
1307
1315
1256
1218
1151
1285
1447
1367
1360
1433
1332
1257
1260
1250
1242
1239
1261
1256
1236
1202
1157
1225
1237
1261
1286
1280
1290
1363
1474
1487
1361
1461
1499
1490
1493
1489
1504
1502
1481
1457
1429
1391
1346
1287
1229
1201
1185
1180
1297
1356
1357
1343
1312
1298
1337
1339
1300
1266
1436
1397
1397
1370
1349
1336
1309
1318
1254
1203
1149
1305
1448
1369
1360
1433
1331
1252
1255
1243
1247
1236
1252
1252
1238
1217
1211
1192
1216
1167
1282
1287
1293
1308
1430
1487
1438
1403
1495
1489
1483
1495
1498
1495
1466
1438
1414
1376
1322
1262
1219
1201
1183
1181
1368
1336
1322
1297
1275
1271
1328
1390
1356
1225
1389
1446
1414
1396
1374
1347
1326
1316
1255
1199
1154
1311
1442
1363
1356
1419
1318
1258
1258
1255
1244
1246
1239
1248
1237
1216
1182
1152
1189
1221
1261
1289
1298
1291
1373
1484
1472
1369
1489
1492
1492
1493
1496
1492
1464
1427
1394
1359
1304
1242
1213
1201
1182
1208
1378
1293
1291
1287
1288
1278
1305
1379
1300
1228
1319
1469
1431
1423
1391
1370
1334
1317
1257
1182
1168
1320
1436
1362
1348
1417
1294
1251
1266
1249
1247
1250
1249
1258
1250
1231
1200
1154
1214
1198
1236
1267
1288
1300
1329
1459
1492
1390
1481
1505
1492
1500
1505
1481
1453
1416
1385
1344
1277
1235
1210
1195
1177
1222
1372
1298
1298
1293
1293
1284
1291
1331
1232
1228
1255
1439
1447
1436
1415
1383
1343
1324
1264
1179
1177
1329
1433
1359
1360
1449
1289
1260
1270
1258
1210
1233
1254
1259
1248
1222
1190
1161
1161
1166
1188
1303
1312
1291
1290
1391
1495
1399
1470
1506
1501
1500
1490
1464
1441
1403
1371
1323
1270
1233
1207
1184
1170
1253
1366
1312
1302
1302
1299
1294
1289
1334
1214
1233
1214
1358
1433
1431
1425
1388
1361
1319
1260
1162
1184
1325
1428
1358
1366
1445
1292
1242
1254
1252
1241
1224
1262
1246
1238
1203
1199
1166
1167
1231
1185
1289
1311
1275
1284
1329
1464
1389
1453
1517
1499
1489
1477
1455
1432
1396
1349
1310
1267
1236
1209
1184
1185
1312
1344
1325
1313
1307
1296
1301
1282
1329
1318
1260
1210
1261
1405
1409
1415
1398
1391
1344
1259
1151
1212
1350
1430
1365
1368
1435
1293
1242
1254
1249
1257
1234
1251
1234
1224
1214
1189
1177
1172
1218
1212
1282
1311
1273
1279
1308
1438
1364
1436
1493
1496
1474
1475
1456
1420
1380
1336
1304
1267
1241
1213
1178
1245
1330
1330
1341
1308
1303
1298
1298
1283
1290
1382
1344
1211
1224
1345
1379
1388
1400
1391
1378
1205
1170
1288
1360
1431
1370
1377
1422
1281
1258
1263
1259
1260
1247
1233
1210
1222
1204
1184
1135
1202
1213
1244
1271
1280
1252
1274
1289
1380
1324
1437
1470
1475
1473
1468
1453
1400
1350
1305
1280
1255
1230
1203
1203
1313
1340
1313
1342
1296
1296
1296
1297
1291
1284
1373
1394
1229
1219
1277
1345
1378
1388
1391
1383
1213
1281
1344
1369
1442
1386
1379
1438
1330
1247
1246
1235
1229
1237
1229
1204
1186
1189
1169
1170
1222
1224
1309
1287
1282
1268
1267
1289
1324
1316
1436
1482
1464
1466
1466
1455
1411
1321
1259
1246
1231
1208
1178
1292
1314
1348
1324
1346
1309
1310
1313
1324
1332
1320
1356
1358
1261
1232
1233
1325
1330
1358
1369
1383
1296
1297
1337
1401
1433
1378
1376
1375
1329
1255
1236
1271
1256
1255
1194
1180
1162
1161
1172
1210
1187
1226
1330
1278
1277
1283
1287
1295
1308
1344
1453
1479
1464
1446
1450
1433
1422
1342
1241
1213
1193
1218
1249
1316
1321
1350
1326
1344
1338
1351
1349
1340
1325
1295
1280
1277
1247
1248
1226
1247
1318
1318
1328
1371
1283
1272
1344
1428
1414
1369
1376
1449
1313
1278
1243
1270
1257
1238
1142
1218
1195
1146
1142
1196
1201
1243
1334
1285
1281
1290
1296
1304
1311
1361
1391
1422
1431
1423
1433
1409
1381
1372
1330
1222
1215
1267
1279
1320
1332
1350
1335
1328
1342
1335
1300
1287
1272
1261
1249
1262
1233
1209
1215
1228
1252
1324
1309
1306
1284
1279
1369
1440
1420
1365
1371
1452
1409
1336
1257
1244
1241
1230
1179
1208
1147
1158
1284
1253
1234
1255
1309
1290
1285
1288
1315
1312
1318
1353
1407
1489
1487
1461
1438
1392
1384
1378
1411
1289
1224
1271
1301
1325
1350
1362
1325
1311
1306
1284
1278
1271
1271
1261
1261
1261
1248
1179
1206
1194
1202
1228
1258
1310
1300
1308
1378
1432
1417
1364
1372
1447
1428
1355
1284
1250
1225
1235
1142
1146
1179
1231
1256
1252
1262
1253
1298
1284
1294
1299
1325
1322
1343
1438
1493
1516
1488
1476
1464
1445
1401
1415
1419
1352
1252
1272
1300
1330
1363
1362
1325
1313
1323
1287
1280
1293
1273
1268
1266
1273
1275
1182
1190
1193
1190
1195
1205
1217
1311
1349
1369
1416
1404
1357
1362
1421
1418
1358
1324
1232
1230
1226
1149
1171
1196
1181
1265
1320
1323
1240
1276
1275
1288
1305
1312
1324
1395
1495
1508
1512
1492
1489
1518
1529
1538
1519
1453
1413
1274
1276
1296
1333
1358
1348
1304
1337
1344
1296
1296
1302
1283
1284
1284
1293
1307
1198
1192
1185
1180
1197
1204
1209
1324
1365
1370
1393
1393
1363
1367
1422
1379
1403
1357
1255
1248
1226
1158
1211
1209
1211
1318
1349
1329
1266
1270
1293
1316
1324
1320
1342
1458
1523
1528
1521
1478
1512
1559
1584
1495
1433
1440
1443
1347
1273
1282
1325
1357
1334
1302
1341
1373
1306
1304
1307
1294
1291
1302
1303
1319
1227
1197
1198
1184
1173
1176
1194
1359
1372
1391
1399
1387
1373
1371
1457
1425
1396
1382
1258
1240
1227
1205
1223
1217
1173
1246
1256
1213
1353
1247
1311
1310
1328
1333
1362
1511
1532
1536
1514
1499
1501
1497
1500
1496
1508
1459
1456
1419
1273
1266
1302
1348
1345
1297
1337
1393
1311
1314
1312
1298
1301
1306
1313
1319
1265
1207
1212
1198
1177
1163
1173
1389
1398
1389
1405
1401
1386
1378
1454
1435
1419
1374
1278
1232
1231
1241
1216
1201
1203
1299
1302
1278
1254
1324
1269
1308
1319
1314
1381
1520
1534
1526
1509
1502
1469
1452
1444
1423
1276
1265
1314
1436
1343
1255
1281
1354
1343
1296
1321
1397
1325
1311
1317
1305
1306
1303
1312
1317
1288
1235
1218
1206
1190
1173
1176
1393
1402
1389
1420
1406
1387
1383
1458
1431
1434
1410
1276
1241
1224
1226
1175
1167
1232
1339
1244
1267
1279
1342
1239
1263
1272
1296
1407
1518
1530
1524
1495
1471
1442
1428
1440
1484
1429
1334
1307
1426
1430
1263
1264
1333
1331
1294
1317
1367
1339
1314
1320
1311
1309
1305
1306
1312
1293
1267
1220
1207
1192
1181
1180
1393
1395
1379
1430
1420
1376
1385
1463
1422
1439
1403
1301
1252
1198
1225
1179
1162
1258
1290
1251
1261
1270
1257
1266
1266
1285
1306
1422
1520
1536
1518
1481
1459
1433
1425
1482
1516
1494
1521
1318
1421
1465
1351
1263
1341
1330
1290
1299
1335
1350
1310
1320
1312
1307
1308
1311
1307
1300
1278
1251
1209
1192
1180
1184
1383
1363
1359
1424
1427
1375
1388
1476
1432
1397
1370
1300
1238
1228
1196
1146
1219
1254
1274
1301
1358
1299
1266
1313
1279
1261
1288
1412
1506
1521
1510
1471
1445
1418
1427
1488
1508
1512
1472
1211
1399
1461
1444
1281
1325
1318
1307
1292
1304
1361
1315
1325
1322
1309
1302
1307
1310
1301
1275
1279
1226
1203
1194
1189
1368
1351
1349
1420
1423
1375
1386
1476
1438
1381
1344
1289
1246
1219
1198
1151
1224
1260
1261
1324
1331
1320
1323
1270
1348
1182
1267
1408
1509
1517
1491
1447
1406
1385
1405
1471
1499
1524
1441
1191
1388
1461
1491
1335
1322
1313
1307
1283
1295
1355
1319
1331
1317
1312
1303
1309
1305
1303
1281
1282
1266
1217
1194
1208
1391
1389
1375
1435
1420
1368
1378
1470
1437
1432
1472
1309
1247
1261
1219
1179
1239
1265
1259
1252
1292
1327
1274
1257
1346
1245
1206
1378
1508
1512
1475
1421
1363
1347
1378
1443
1476
1517
1403
1193
1371
1454
1502
1400
1321
1318
1297
1298
1296
1348
1318
1321
1313
1319
1313
1311
1305
1299
1298
1274
1273
1258
1227
1210
1410
1405
1401
1437
1420
1368
1373
1462
1452
1454
1424
1317
1238
1227
1250
1200
1210
1248
1240
1213
1187
1285
1275
1259
1252
1343
1203
1334
1505
1498
1450
1392
1353
1348
1351
1417
1473
1524
1369
1207
1363
1472
1498
1421
1320
1310
1288
1309
1293
1318
1336
1313
1317
1311
1313
1313
1306
1306
1297
1277
1257
1261
1266
1252
1434
1414
1415
1452
1421
1363
1368
1466
1457
1464
1490
1412
1343
1263
1257
1237
1180
1225
1238
1192
1190
1218
1279
1284
1256
1339
1291
1206
1458
1484
1434
1421
1421
1407
1370
1397
1485
1521
1329
1222
1401
1461
1460
1420
1319
1292
1282
1302
1288
1297
1332
1320
1322
1323
1318
1322
1311
1318
1302
1296
1274
1259
1264
1268
1435
1430
1424
1458
1423
1365
1371
1467
1444
1462
1478
1396
1338
1305
1252
1237
1220
1233
1228
1218
1180
1240
1279
1290
1283
1263
1326
1257
1214
1449
1465
1445
1448
1358
1315
1419
1505
1503
1309
1292
1382
1332
1405
1377
1288
1290
1282
1296
1287
1287
1319
1322
1322
1325
1323
1310
1320
1326
1319
1308
1288
1284
1268
1268
1432
1429
1421
1459
1421
1370
1375
1471
1433
1449
1468
1462
1442
1323
1340
1395
1317
1241
1249
1240
1206
1254
1258
1268
1281
1258
1293
1292
1213
1211
1424
1384
1348
1288
1186
1428
1505
1493
1346
1289
1320
1285
1358
1342
1298
1297
1299
1295
1292
1280
1307
1336
1325
1325
1333
1339
1335
1329
1320
1305
1291
1284
1275
1263
1433
1437
1438
1467
1425
1377
1388
1465
1420
1433
1458
1475
1472
1392
1398
1432
1382
1316
1236
1227
1222
1241
1243
1270
1234
1281
1263
1332
1285
1187
1257
1399
1368
1341
1315
1395
1499
1463
1368
1263
1347
1340
1349
1355
1316
1297
1305
1293
1296
1289
1287
1334
1322
1329
1333
1335
1323
1318
1312
1300
1289
1285
1279
1277
1442
1433
1449
1469
1424
1380
1385
1460
1408
1419
1441
1455
1465
1469
1473
1438
1343
1305
1394
1284
1239
1217
1258
1251
1272
1274
1243
1280
1328
1250
1257
1235
1438
1434
1438
1435
1427
1384
1339
1290
1303
1363
1399
1436
1308
1278
1308
1288
1286
1287
1285
1321
1327
1325
1320
1319
1304
1302
1302
1294
1282
1279
1273
1286
1448
1446
1450
1461
1411
1373
1387
1470
1410
1418
1438
1449
1458
1472
1491
1473
1400
1375
1362
1402
1241
1220
1277
1272
1279
1267
1255
1246
1314
1310
1294
1235
1208
1362
1411
1388
1345
1351
1302
1269
1252
1233
1278
1434
1288
1284
1312
1279
1284
1284
1280
1303
1329
1308
1302
1299
1288
1295
1291
1285
1284
1289
1298
1325
1442
1440
1444
1467
1421
1370
1392
1458
1409
1414
1438
1453
1460
1463
1479
1478
1475
1434
1465
1382
1343
1251
1267
1272
1273
1273
1274
1254
1234
1345
1338
1249
1202
1211
1313
1393
1361
1329
1266
1246
1229
1214
1274
1458
1270
1287
1311
1292
1288
1290
1293
1283
1334
1301
1294
1287
1293
1298
1287
1290
1300
1314
1315
1347
1439
1438
1436
1464
1422
1382
1394
1463
1406
1427
1444
1451
1458
1460
1466
1484
1404
1386
1457
1444
1423
1326
1298
1267
1279
1272
1270
1247
1225
1255
1353
1291
1231
1200
1228
1278
1375
1324
1268
1241
1228
1217
1346
1412
1293
1271
1291
1302
1298
1294
1293
1284
1314
1318
1304
1310
1310
1304
1308
1304
1302
1313
1324
1340
1429
1433
1446
1468
1424
1383
1405
1472
1421
1420
1447
1454
1464
1465
1473
1475
1333
1360
1445
1425
1445
1436
1344
1289
1271
1261
1259
1250
1232
1264
1264
1327
1226
1221
1209
1255
1225
1298
1272
1244
1243
1237
1417
1344
1297
1283
1311
1301
1310
1295
1293
1299
1295
1317
1310
1306
1299
1304
1308
1309
1306
1312
1314
1330
1440
1446
1453
1486
1424
1387
1404
1479
1417
1424
1446
1455
1457
1465
1472
1455
1308
1323
1447
1419
1416
1420
1388
1328
1294
1271
1263
1259
1271
1282
1266
1262
1211
1218
1224
1217
1219
1223
1216
1232
1255
1254
1433
1289
1265
1306
1344
1287
1308
1298
1294
1304
1283
1315
1310
1292
1298
1301
1307
1305
1304
1309
1308
1319
1436
1438
1463
1506
1426
1390
1406
1479
1413
1428
1446
1462
1467
1466
1468
1415
1278
1346
1441
1427
1422
1399
1414
1414
1343
1261
1254
1257
1271
1271
1287
1242
1178
1248
1240
1200
1201
1203
1215
1191
1205
1272
1350
1275
1255
1336
1336
1290
1294
1304
1290
1294
1286
1306
1339
1309
1304
1307
1306
1311
1307
1309
1306
1318
1437
1444
1478
1504
1426
1388
1412
1475
1411
1430
1450
1455
1451
1463
1452
1335
1321
1393
1431
1439
1426
1426
1424
1403
1410
1358
1274
1263
1278
1255
1275
1226
1222
1195
1303
1249
1217
1204
1206
1206
1194
1173
1217
1264
1259
1363
1380
1322
1270
1289
1290
1293
1296
1281
1355
1332
1304
1306
1307
1312
1311
1310
1310
1320
1440
1446
1482
1511
1421
1388
1408
1474
1415
1432
1452
1458
1463
1470
1457
1287
1351
1460
1431
1421
1435
1414
1428
1415
1427
1389
1380
1292
1284
1280
1218
1246
1229
1212
1220
1259
1264
1214
1186
1195
1184
1166
1163
1173
1222
1377
1383
1369
1281
1267
1288
1300
1288
1258
1333
1344
1312
1316
1314
1314
1314
1323
1318
1326
1434
1425
1474
1511
1427
1389
1410
1476
1420
1427
1445
1461
1472
1478
1443
1283
1367
1474
1460
1438
1409
1426
1419
1416
1410
1401
1367
1353
1342
1275
1251
1244
1222
1247
1267
1232
1245
1254
1204
1191
1176
1165
1163
1164
1158
1176
1268
1368
1379
1265
1230
1281
1279
1291
1292
1360
1332
1320
1325
1328
1325
1324
1322
1334
1437
1435
1465
1501
1426
1388
1411
1468
1426
1422
1450
1456
1461
1463
1412
1303
1397
1453
1481
1447
1418
1408
1424
1411
1400
1390
1385
1349
1331
1299
1300
1314
1331
1312
1326
1295
1303
1291
1255
1215
1190
1182
1169
1165
1154
1150
1144
1195
1328
1357
1202
1265
1277
1277
1282
1349
1359
1330
1334
1335
1331
1330
1322
1331
1434
1435
1448
1482
1425
1389
1410
1472
1421
1432
1449
1457
1457
1458
1427
1338
1431
1472
1468
1458
1426
1416
1408
1412
1399
1372
1379
1360
1352
1327
1323
1332
1321
1302
1304
1302
1287
1274
1272
1249
1224
1188
1178
1178
1170
1155
1151
1146
1257
1297
1264
1229
1276
1271
1290
1309
1363
1337
1323
1333
1323
1325
1325
1327
1436
1437
1451
1477
1428
1390
1410
1474
1423
1434
1453
1461
1462
1461
1452
1316
1442
1481
1469
1459
1447
1423
1400
1401
1389
1374
1367
1333
1316
1304
1308
1298
1300
1299
1268
1245
1218
1227
1230
1257
1228
1205
1187
1171
1170
1160
1156
1156
1180
1276
1229
1205
1263
1282
1289
1286
1339
1359
1327
1337
1329
1325
1327
1338
1443
1443
1464
1490
1430
1394
1409
1481
1427
1437
1453
1461
1458
1466
1466
1312
1466
1458
1462
1473
1461
1440
1401
1401
1389
1366
1340
1301
1290
1299
1283
1274
1275
1242
1227
1233
1196
1176
1201
1211
1189
1190
1171
1204
1175
1162
1153
1160
1150
1177
1148
1139
1258
1283
1282
1299
1307
1366
1344
1334
1333
1332
1335
1335
1438
1444
1455
1501
1435
1398
1416
1475
1430
1427
1447
1459
1465
1465
1460
1341
1469
1447
1460
1459
1458
1450
1422
1394
1376
1353
1327
1275
1283
1251
1275
1257
1244
1233
1213
1206
1215
1181
1157
1167
1152
1146
1209
1440
1279
1177
1155
1144
1150
1149
1137
1126
1217
1270
1291
1296
1300
1338
1359
1337
1333
1338
1332
1343
1434
1439
1453
1484
1433
1402
1425
1471
1421
1426
1453
1464
1465
1465
1470
1352
1458
1443
1455
1458
1455
1437
1428
1422
1365
1336
1306
1283
1249
1240
1227
1243
1224
1200
1184
1173
1166
1183
1145
1137
1129
1119
1380
1455
1450
1371
1165
1161
1138
1146
1146
1128
1203
1274
1291
1299
1301
1278
1338
1345
1333
1335
1331
1339
1415
1432
1439
1470
1435
1408
1434
1477
1405
1419
1444
1453
1454
1457
1462
1377
1441
1441
1462
1462
1441
1435
1417
1432
1425
1325
1285
1290
1255
1245
1206
1206
1195
1185
1172
1168
1156
1139
1127
1123
1101
1295
1451
1441
1440
1438
1281
1169
1169
1133
1132
1124
1193
1278
1296
1298
1283
1287
1299
1347
1330
1331
1326
1330
1405
1414
1426
1464
1434
1412
1429
1471
1406
1424
1443
1433
1426
1445
1464
1442
1405
1448
1461
1468
1449
1433
1413
1413
1407
1393
1328
1246
1249
1221
1227
1190
1178
1166
1152
1149
1143
1128
1123
1115
1136
1410
1458
1448
1440
1448
1328
1290
1223
1164
1138
1168
1263
1272
1297
1286
1283
1284
1282
1309
1345
1316
1320
1331
1419
1418
1419
1462
1434
1409
1432
1473
1406
1421
1437
1438
1443
1453
1464
1461
1434
1456
1450
1461
1442
1426
1409
1400
1396
1396
1395
1349
1240
1206
1195
1193
1180
1155
1154
1150
1142
1131
1122
1111
1292
1441
1462
1447
1441
1456
1336
1319
1425
1451
1439
1469
1407
1279
1302
1305
1284
1283
1288
1270
1320
1333
1314
1311
1421
1429
1428
1474
1438
1405
1436
1479
1414
1425
1434
1440
1443
1453
1464
1472
1472
1457
1452
1446
1439
1420
1410
1396
1397
1392
1391
1382
1331
1236
1179
1171
1165
1164
1152
1153
1135
1128
1119
1225
1398
1450
1455
1448
1436
1456
1320
1364
1468
1470
1477
1475
1474
1347
1286
1304
1299
1295
1287
1274
1272
1324
1328
1315
1482
1421
1433
1469
1433
1411
1439
1492
1411
1417
1439
1436
1439
1452
1462
1473
1478
1470
1464
1447
1439
1422
1415
1410
1394
1386
1384
1371
1323
1263
1231
1176
1147
1148
1152
1142
1130
1107
1277
1396
1404
1449
1456
1449
1440
1441
1344
1432
1460
1468
1471
1470
1474
1450
1274
1293
1301
1284
1289
1276
1259
1280
1330
1348
1477
1446
1427
1471
1434
1411
1440
1492
1415
1432
1442
1433
1440
1444
1465
1471
1480
1477
1486
1464
1441
1425
1421
1403
1390
1385
1367
1360
1293
1230
1211
1216
1179
1147
1135
1138
1125
1206
1415
1427
1417
1447
1460
1447
1446
1454
1414
1459
1464
1470
1468
1467
1467
1462
1393
1281
1294
1294
1282
1296
1260
1262
1293
1359
1431
1482
1424
1474
1430
1412
1447
1487
1418
1423
1423
1436
1443
1445
1461
1469
1479
1486
1496
1457
1452
1433
1412
1398
1385
1366
1351
1323
1265
1222
1207
1197
1186
1176
1154
1143
1202
1401
1434
1445
1435
1454
1451
1443
1443
1458
1462
1451
1470
1462
1466
1461
1455
1448
1444
1341
1271
1288
1301
1292
1275
1267
1269
1302
1401
1461
1463
1480
1426
1412
1442
1499
1415
1423
1434
1438
1444
1458
1473
1474
1471
1477
1496
1462
1441
1409
1396
1369
1354
1358
1324
1294
1240
1214
1208
1198
1192
1165
1180
1335
1438
1457
1459
1444
1441
1463
1459
1445
1434
1434
1437
1450
1467
1457
1454
1457
1450
1441
1426
1291
1290
1265
1290
1294
1280
1279
1283
1277
1412
1420
1490
1493
1426
1413
1437
1488
1426
1432
1448
1456
1457
1469
1483
1478
1489
1478
1493
1487
1457
1379
1392
1352
1345
1327
1304
1270
1236
1212
1203
1194
1181
1243
1396
1452
1463
1468
1463
1459
1443
1461
1452
1436
1429
1416
1430
1446
1453
1449
1453
1457
1454
1448
1342
1190
1274
1270
1276
1293
1287
1277
1279
1298
1418
1403
1446
1486
1433
1411
1434
1485
1432
1452
1451
1449
1467
1471
1486
1483
1482
1475
1483
1493
1491
1479
1485
1449
1352
1307
1275
1241
1204
1202
1197
1252
1355
1456
1444
1464
1470
1474
1475
1457
1439
1447
1443
1426
1417
1409
1422
1431
1439
1446
1439
1447
1439
1401
1226
1200
1365
1374
1275
1283
1283
1275
1286
1301
1408
1403
1405
1441
1432
1415
1436
1475
1431
1440
1451
1445
1449
1458
1468
1462
1473
1466
1480
1483
1485
1474
1478
1489
1482
1480
1452
1404
1369
1376
1439
1456
1459
1461
1460
1473
1470
1476
1464
1451
1442
1451
1432
1417
1402
1406
1414
1422
1423
1427
1426
1435
1434
1293
1187
1292
1409
1414
1379
1280
1277
1279
1289
1295
1415
1407
1402
1401
1408
1411
1431
1479
1429
1443
1444
1443
1453
1451
1464
1461
1465
1467
1478
1471
1484
1465
1469
1481
1480
1491
1477
1475
1468
1461
1459
1451
1444
1457
1467
1471
1473
1469
1463
1448
1440
1439
1425
1405
1396
1397
1409
1411
1412
1409
1412
1418
1384
1217
1214
1379
1430
1420
1424
1384
1277
1269
1295
1295
1421
1423
1413
1399
1391
1403
1426
1474
1431
1445
1446
1439
1450
1454
1458
1463
1467
1462
1469
1462
1472
1471
1486
1471
1465
1489
1488
1475
1470
1461
1461
1458
1454
1461
1461
1469
1469
1463
1444
1436
1429
1416
1409
1395
1396
1399
1412
1417
1414
1404
1406
1410
1277
1205
1321
1413
1420
1423
1418
1434
1392
1268
1285
1300
1420
1420
1420
1415
1391
1398
1428
1451
1417
1447
1444
1445
1450
1449
1458
1468
1465
1464
1464
1462
1468
1466
1470
1474
1468
1468
1462
1459
1451
1460
1450
1454
1453
1456
1458
1467
1460
1459
1428
1431
1416
1417
1403
1391
1402
1399
1410
1423
1416
1404
1401
1355
1224
1258
1394
1418
1424
1413
1408
1428
1447
1379
1264
1281
1418
1413
1421
1423
1406
1393
1422
1466
1423
1437
1441
1443
1442
1438
1448
1462
1467
1453
1461
1462
1464
1468
1465
1464
1461
1459
1455
1461
1448
1457
1457
1460
1455
1450
1453
1454
1457
1444
1430
1421
1417
1420
1399
1408
1408
1411
1418
1421
1411
1400
1387
1259
1225
1350
1406
1412
1418
1419
1425
1435
1438
1435
1385
1282
1398
1400
1407
1410
1405
1386
1405
1444
1403
1411
1425
1431
1424
1433
1450
1460
1452
1439
1447
1447
1453
1464
1454
1447
1445
1438
1425
1446
1430
1453
1447
1453
1439
1444
1439
1440
1443
1433
1423
1404
1437
1404
1380
1416
1407
1407
1418
1416
1399
1391
1325
1223
1264
1382
1403
1407
1395
1427
1419
1428
1418
1426
1425
1387
