140
-2
-149
-31
-33
-84
-5
109
212
4
5
-5
22
-6
12
6
2
-19
-9
12
13
-49
-116
-80
-32
-12
-6
2
-7
-5
0
1
11
1
0
2
-6
-3
-1
6
2
10
9
13
19
21
10
5
72
-32
-34
-69
3
-25
51
94
43
-20
-17
-14
36
35
-2
-79
98
-6
-103
-23
-76
-75
-8
86
232
10
3
6
7
0
20
5
-8
-23
0
31
-23
-26
-44
-99
-74
-26
0
-8
-11
2
-6
7
-6
8
6
4
-9
-8
8
-6
6
9
14
15
25
12
1
27
34
-13
-8
-56
1
31
-11
54
23
4
9
-16
9
15
28
-1
-4
-11
-60
-9
-107
-68
-22
56
257
26
0
5
5
1
17
-6
-5
5
13
10
-36
-15
-12
-33
-46
-23
-87
-35
-14
-9
1
-3
6
-8
7
1
-6
-9
4
7
12
0
12
26
21
14
-19
50
7
-7
25
-25
-59
-48
134
6
13
-17
17
19
-21
14
19
18
-48
2
-36
-2
-111
-73
-23
69
214
65
-5
0
8
1
3
-3
2
1
20
1
-27
-16
-3
-8
-105
-75
82
-24
-111
-11
1
4
3
-8
1
-1
6
-13
3
8
8
0
18
35
14
1
-21
68
-25
18
36
28
-133
-169
55
229
15
-20
-15
34
-12
7
8
25
-34
8
-64
27
-130
-73
-13
48
221
74
-9
4
7
-8
-1
4
-2
6
40
9
-39
-36
1
5
-40
-123
-68
116
-32
-107
9
2
2
-6
-14
5
-4
7
1
4
3
1
30
27
12
1
-4
47
-13
31
58
57
-189
-198
14
41
248
-16
-1
-3
14
-3
16
26
61
-46
-92
35
-156
-60
-7
12
237
78
0
8
2
-6
-11
9
12
43
-4
-16
-33
-24
-8
4
2
-84
-118
-11
145
-139
-23
1
-8
-10
-2
1
3
5
1
5
-1
5
37
21
6
-7
35
32
4
5
16
-13
-122
-86
-19
-45
141
125
-15
12
10
4
16
28
72
-54
-78
31
-176
-53
-4
31
196
108
-11
14
1
-5
-4
5
11
22
-7
-1
8
-24
-43
-4
3
-17
-121
-62
52
23
-95
4
-11
-9
1
2
12
-5
3
2
-9
13
33
18
6
-11
-19
70
-20
-13
0
6
-57
-56
-25
-52
9
163
38
29
-13
26
8
18
96
-71
-72
61
-199
-56
0
38
225
66
9
-13
17
-17
15
-1
14
13
31
-4
-19
-36
-25
-25
-14
20
-73
-109
-10
120
-130
-6
-10
-7
6
-9
9
9
1
-6
-4
14
34
6
11
12
-50
26
3
-3
12
18
-16
-111
-86
34
-28
147
51
11
31
-4
36
17
96
-80
-62
65
-207
-41
10
30
238
47
-14
16
0
-14
5
9
16
-4
38
-9
-32
-28
-13
-10
-18
7
-10
-140
-39
112
-100
-26
-7
-6
-1
4
8
5
-1
4
-6
16
25
7
7
72
-87
-9
9
5
6
25
4
-110
-82
15
-30
95
81
6
16
29
28
30
92
-81
-60
77
-222
-45
-8
17
250
72
-7
20
13
-24
-5
5
16
23
15
-1
-34
-1
-29
-39
-7
14
14
-97
-112
106
-83
-35
-10
-2
2
10
-4
2
1
-1
-3
13
22
21
-11
150
-126
-39
7
6
13
19
14
-78
-88
-20
0
-3
167
9
-22
54
4
40
101
-90
-46
77
-218
-52
-1
21
217
101
-17
10
22
-15
-17
28
12
21
5
-4
-45
6
-50
-2
-25
43
-15
-25
-149
92
-77
-54
-4
-5
2
11
-10
0
1
0
-7
7
29
21
17
154
-117
-78
-3
14
28
10
13
-29
-123
-40
13
-33
167
54
-31
23
9
40
77
-55
-42
55
-188
-49
-7
30
203
96
-12
5
16
-5
3
18
10
13
7
-16
-42
1
-48
10
-13
32
-21
-10
-136
89
-79
-61
-2
-9
5
-1
-13
-4
-5
-4
-11
12
36
20
121
28
-49
-116
5
10
22
15
12
2
-121
-50
-6
-19
74
161
-26
-29
24
16
56
-12
-33
38
-176
-52
-12
60
140
130
-8
4
-8
21
-2
25
7
18
-3
-17
-27
-38
15
-15
2
13
-21
-6
-88
66
-126
-26
-11
-10
-5
3
-13
-5
-6
-15
0
12
35
98
70
-33
5
-132
13
7
17
13
14
13
-112
-1
-90
2
-8
246
-31
-9
-25
30
44
-11
4
7
-173
-36
2
22
171
80
42
6
18
-26
26
-1
0
30
-5
-27
-46
-3
-27
-1
24
1
-9
-6
-38
8
-122
-33
7
-18
-1
8
-13
-17
-6
1
4
15
137
54
-39
-14
23
-140
16
10
18
11
11
21
-65
49
-195
-9
9
75
179
-24
-22
-1
60
32
-27
-75
-133
-24
2
61
126
72
61
-27
17
4
31
0
13
-1
1
-34
-54
32
-73
37
20
-15
4
-16
-9
-34
-107
-28
5
-4
-5
3
-4
-16
1
10
87
97
40
-68
-25
-10
33
-147
31
0
25
13
0
4
2
22
-215
-28
34
-4
83
185
2
-55
102
10
-79
-100
-87
-34
-9
34
181
40
79
-18
9
36
8
1
2
26
-33
-55
31
-17
-85
44
14
-11
4
-24
-6
-46
-13
-32
-29
-12
-10
-12
-2
7
16
172
29
-31
-6
-47
-36
-4
47
-153
38
-5
17
-4
-3
5
16
22
-158
-51
7
0
3
61
178
55
22
6
-109
-88
-68
-44
-4
25
182
36
95
-11
21
26
-3
23
9
-7
-101
-29
60
-7
-44
15
6
0
-25
0
-13
-15
-39
-85
-10
2
-4
5
-6
5
11
184
27
-45
-7
-31
-44
1
64
-155
-11
4
23
4
-8
18
10
17
-98
-68
-17
26
-8
-17
-3
47
258
-1
-97
-65
-83
-42
0
31
170
43
69
5
35
18
2
19
-6
-41
-24
-157
108
43
-33
10
0
-15
-22
4
-26
-74
-52
-18
5
4
2
1
-4
-1
13
119
94
-30
-23
-15
-55
9
67
-174
-26
11
24
2
4
17
8
18
-72
-79
-1
9
0
-5
-5
-2
272
-27
-30
-77
-97
-49
-1
74
138
19
52
46
33
20
3
17
-8
-21
-77
-137
-73
231
-17
0
-4
-29
3
-29
-37
-99
-11
-4
5
-11
-1
0
20
21
4
2
180
-5
-25
-26
-41
12
66
-184
-35
11
18
-3
16
8
14
5
-62
-76
6
26
0
-32
-1
6
264
-31
-9
-68
-119
-42
-11
103
124
-5
37
92
2
30
13
11
-18
-10
-130
-111
9
41
130
-19
-14
-19
16
-53
-71
-76
5
4
-5
-3
12
11
42
14
13
-49
104
87
-7
-37
-54
30
52
-178
-53
15
21
6
11
9
-2
15
-63
-92
26
8
15
14
-3
-13
217
-17
-5
-57
-107
-42
-21
21
183
5
16
133
-8
20
17
-7
3
-4
-52
-100
-74
9
97
12
18
-38
30
-76
-93
-41
-4
16
-8
17
-3
-1
-2
-6
28
19
19
171
-1
-38
-61
26
43
-136
-100
35
14
18
5
3
0
6
-37
-138
52
-2
13
27
21
-2
149
-4
16
-60
-107
-46
-12
21
151
24
31
135
-14
11
4
15
11
-43
-71
6
-71
-63
31
102
7
-30
35
-100
-93
-22
5
8
-4
7
0
6
4
12
13
-18
21
104
92
-27
-80
32
8
-72
-129
21
21
10
12
-1
4
-4
-15
-170
39
22
12
16
33
15
128
0
19
-66
-100
-40
-11
26
151
-15
39
151
15
-14
35
13
-21
-43
-140
134
-36
-82
-48
10
143
-29
6
-121
-78
-18
9
-3
12
-1
-5
4
2
-5
38
-22
11
19
183
-4
-87
28
-19
-28
-98
-41
20
10
12
2
4
8
-2
-170
-10
53
14
6
19
24
141
-1
27
-64
-123
-21
-21
35
163
-38
66
114
7
38
3
16
-42
-40
-49
60
-35
4
-34
-159
77
110
-4
-118
-85
-10
9
2
3
-5
-4
16
-15
30
-19
8
0
6
126
88
-80
20
-44
6
-42
-106
10
13
8
5
0
7
25
-144
-67
35
41
17
16
8
163
11
27
-68
-148
-25
-23
23
181
18
36
87
35
20
2
11
-40
-34
-10
-62
-81
74
65
-135
-40
118
42
-107
-87
-19
6
-1
0
-7
3
8
1
-5
13
25
-26
8
33
171
-61
24
-89
51
13
-165
-9
10
4
13
9
7
16
-59
-138
5
44
13
24
23
177
13
20
-78
-144
-26
-25
39
162
27
41
57
26
28
36
11
-65
-30
6
-76
26
-108
42
86
-156
9
160
-95
-107
-18
9
-1
-10
-3
-6
5
15
-9
33
29
-44
8
-6
169
-13
25
-117
100
14
-171
-40
2
18
15
14
3
11
5
-157
-49
15
45
29
5
180
0
22
-64
-133
-39
2
29
141
-7
-33
173
54
-8
31
10
-39
-28
3
-8
-25
-94
66
65
-151
-45
82
24
-135
-10
1
-6
6
-4
-13
10
7
-5
32
28
-41
4
-2
104
64
8
-126
132
-13
-126
-48
-21
16
7
16
-2
10
14
-41
-144
-12
15
35
33
146
13
18
-48
-135
-35
-6
40
134
-11
32
104
48
16
16
28
-23
-31
20
19
-16
-114
61
16
-23
-165
-27
100
-98
-4
-3
-3
3
2
3
-1
3
-12
33
11
-29
-4
9
71
90
9
-113
103
9
-63
-99
-34
9
14
-4
3
12
9
18
-87
-96
-10
12
29
152
21
15
-44
-117
-42
7
28
139
-35
-21
43
68
106
18
42
7
-24
10
24
-10
-50
-26
-2
14
-138
-73
15
2
-12
2
-6
2
10
14
-5
-18
-4
23
9
-18
-2
12
54
95
5
-88
74
9
-13
-126
-48
-2
7
0
1
8
3
20
21
-77
-94
-8
6
163
4
28
-45
-119
-29
4
46
131
-36
-17
57
60
-32
-26
177
29
-19
14
15
-3
-46
-26
-5
-7
2
-150
-48
25
-10
-4
24
19
16
-22
-20
-21
-5
12
24
42
22
-16
46
65
-19
-72
64
19
-9
-110
-60
-29
5
11
0
-3
0
14
28
19
-28
-75
-35
130
4
18
-48
-116
-25
8
41
146
-30
-25
7
24
6
-87
45
151
84
-1
21
-7
-40
2
-6
-18
12
-50
-132
-8
-5
25
95
-13
58
-96
-23
-55
-15
-3
12
157
16
-84
76
27
-26
-59
60
14
8
-71
-104
-39
5
2
2
0
0
7
28
17
17
19
-16
-14
-1
7
-40
-101
-38
15
47
153
-23
-32
-8
8
5
-86
-1
76
138
86
19
2
-31
1
-14
16
-38
11
-165
-77
51
-8
82
41
23
-20
-29
-115
-8
-7
7
60
89
12
-4
35
-22
-49
68
2
3
-2
-145
-58
-4
5
-1
5
-4
7
18
19
11
20
17
-30
-6
2
-35
-84
-30
2
46
165
-29
-27
-8
-11
-18
-9
-34
92
101
-97
168
35
-13
-20
-4
-15
6
20
-66
-155
-32
34
8
-30
16
11
48
-40
-50
-4
15
-14
22
53
7
128
-31
-31
49
0
9
12
-123
-66
-39
12
0
8
-9
10
11
20
14
17
21
-41
2
5
-34
-78
-33
-11
51
165
-22
-30
-2
-12
-29
-21
-2
18
54
54
-15
159
7
-33
-5
-7
8
31
-12
-123
-102
-25
46
0
0
-3
-15
-24
-15
0
13
-1
3
-17
88
145
-73
12
39
-18
18
10
-72
-94
-59
7
-6
9
2
16
18
22
2
0
-17
7
3
4
-46
-74
-33
-8
71
151
-28
-26
-12
0
-22
-18
-3
-6
-34
61
86
60
84
-11
-2
-13
9
6
16
-12
-166
-70
12
80
-47
-22
-18
-12
-8
16
-1
3
5
-18
59
170
-107
56
17
-11
6
-2
8
-157
-42
-8
9
9
4
30
-1
0
-19
-10
-7
39
0
8
-52
-83
-16
-12
67
153
-33
-21
-6
-3
-23
-18
-2
-11
-33
64
13
42
102
37
13
-4
3
20
23
-17
-39
-159
-29
91
-53
-17
-9
-39
-3
17
2
2
-3
-26
125
102
-105
83
-2
-5
-6
12
19
-132
-57
-19
21
0
-18
0
-4
8
-8
0
9
41
-9
-2
-40
-82
-24
2
53
148
-21
-24
-5
-5
-16
-13
3
-62
-48
126
23
-12
5
109
60
10
16
2
21
-15
-32
-16
-73
37
-139
7
11
-5
-21
-6
2
3
-6
-23
182
12
-84
86
14
-21
-2
15
3
-40
-105
-36
-21
-11
1
3
5
17
-3
-4
5
31
0
2
-60
-75
-10
-12
59
156
-25
-21
-6
-4
-16
-14
21
-85
-71
130
59
6
-10
54
74
48
2
10
9
-27
-17
19
19
19
-147
-100
12
4
-10
20
-11
-13
-17
21
146
-4
-97
53
86
-33
-3
10
1
17
-127
-41
-53
2
-1
3
15
1
-3
4
6
27
1
-12
-71
-62
-4
-7
60
156
-30
-19
-13
-3
-13
-8
11
-149
25
106
35
11
33
1
-10
101
64
9
0
-10
-12
5
38
5
-93
-151
-7
9
-2
3
8
-8
-19
123
31
-14
-122
-98
173
87
-15
2
14
3
-69
-83
-69
4
5
3
13
10
-9
9
2
26
-1
-23
-66
-61
-9
-1
58
154
-28
-19
-10
0
-14
17
-92
-102
90
65
30
3
11
-2
14
13
62
108
3
-9
19
-18
40
-3
-13
-196
-29
-16
17
-12
3
-1
9
17
99
9
-160
-67
18
158
93
-13
8
-7
11
-162
-36
-19
5
12
11
5
-8
7
0
29
-6
-18
-77
-54
-9
1
63
147
-32
-21
-3
-1
-8
29
-179
-32
124
31
58
-42
19
-2
6
-16
76
20
104
9
17
25
0
-9
3
-15
-151
-75
-15
20
-11
13
7
11
-12
24
5
9
-41
-40
115
96
-8
-2
23
-122
-67
-33
2
1
13
4
-14
1
6
38
2
-29
-76
-63
-4
2
66
146
-27
-18
-10
-6
-14
13
-164
-21
66
73
44
27
-49
15
14
-3
-3
73
23
31
84
-54
66
18
-32
-10
20
-124
-92
-15
8
4
9
6
-1
-3
-5
-9
23
27
-47
99
77
-4
-6
-11
-146
-21
-19
-4
15
1
-10
3
-10
57
0
-21
-66
-72
-8
-4
79
127
-19
-21
-6
-7
-7
6
-178
18
25
88
31
14
11
-32
10
25
-18
6
68
30
17
-49
8
-65
24
-6
52
-30
-35
-48
22
-8
15
21
-1
3
3
0
-17
-1
30
-23
180
-15
-7
20
-139
-55
-28
-5
6
-1
-8
6
3
50
-2
0
-73
-82
0
-2
68
135
-33
-16
-6
-8
-7
11
-194
53
48
82
14
-25
6
19
-30
8
8
0
-2
6
9
-6
-17
6
5
5
7
1
9
11
-34
-21
13
11
15
3
6
5
-2
-27
-5
10
138
39
-3
1
-25
-150
-11
-22
2
-1
-5
-4
4
56
-2
-11
-63
-86
-3
12
61
132
-33
-16
-7
-3
-11
14
-175
59
44
71
0
2
-24
4
11
-20
16
6
-4
-4
-10
0
4
3
-3
15
6
11
-1
14
-11
-3
-26
13
6
-2
12
4
1
-16
-18
10
54
134
-19
2
16
-112
-73
-29
-6
2
-4
-6
0
58
-5
-14
-63
-67
-20
13
64
128
-28
-16
-2
0
-17
20
-174
84
67
24
-16
-5
14
-16
-13
18
-6
1
19
-14
-10
-3
12
-1
15
1
-4
21
1
-6
9
4
6
-15
-34
10
8
12
1
5
-16
15
-16
187
-22
5
-9
-7
-147
-17
-37
10
-2
-2
0
47
-4
-3
-79
-47
-23
8
65
123
-19
-25
-8
-5
-15
21
-125
75
63
-2
-15
-3
-6
21
-35
2
20
-10
9
6
-6
5
-5
0
1
11
6
-6
8
16
-3
14
-2
-37
-111
85
12
29
0
-1
0
7
-15
164
6
-11
5
-7
-66
-102
-25
-14
-6
12
-1
54
-7
0
-62
-69
-11
-4
76
119
-26
-26
-6
-8
-13
-3
-71
36
71
-3
-26
5
10
-13
17
-29
-3
22
-3
4
-2
12
6
-10
4
12
1
-4
5
12
4
5
12
-113
-66
18
125
39
-33
-6
-5
9
-4
125
38
-15
6
-9
23
-145
-37
-43
-4
5
2
80
-16
2
-70
-81
-6
5
68
131
-28
-30
-9
0
-14
-11
-38
-18
91
-27
1
0
-4
9
-22
26
-2
-18
9
3
-7
14
8
8
2
5
-1
-2
7
8
9
-2
-4
-104
-32
9
61
192
-44
-104
1
-5
-2
150
22
-20
6
9
-8
-25
-137
-17
-40
7
-6
93
-6
2
-76
-81
-2
4
65
129
-36
-18
2
0
-25
-16
5
-74
96
-19
-4
4
-9
1
0
-3
37
4
-41
-7
18
3
12
6
4
12
-1
-2
2
5
1
0
11
-117
-19
15
49
172
29
-42
-122
12
-14
175
-5
-19
10
-3
0
13
-83
-94
-27
-24
-3
90
-7
10
-85
-74
-5
5
66
125
-38
-15
-1
-9
-23
-7
3
-59
76
-5
-9
6
1
2
-13
5
4
16
10
-21
-15
14
17
3
4
1
1
-1
6
1
-6
54
-65
-89
-9
19
41
168
19
-117
-104
-10
-12
107
155
-19
-2
13
-2
-4
22
-137
-44
-44
-16
95
-10
9
-93
-73
6
-4
66
118
-25
-12
-7
-8
-23
-11
-4
-10
20
12
5
0
4
-3
0
-10
-9
12
-1
-2
27
-9
5
7
2
1
0
8
-5
3
26
13
-63
-75
-13
16
37
183
-42
-143
-59
7
10
-12
202
70
-27
7
1
8
4
-10
-138
-40
-44
12
82
-6
-88
-78
-8
-2
74
135
-25
-14
-8
-5
-25
-13
-6
-8
-6
28
20
-12
10
6
-13
-8
-4
3
1
-7
-4
34
13
0
-4
0
8
-2
-1
19
17
-6
-50
-71
-26
22
56
157
-119
-89
-20
4
6
-12
38
227
-2
-19
15
-11
17
6
-36
-139
-34
-88
133
26
-102
-90
-2
13
66
134
-28
-15
2
-6
-23
-19
-3
-8
-8
-2
34
14
-7
4
4
-2
-8
8
-7
-5
-9
7
6
31
-3
2
-5
-1
12
12
-9
13
-35
-83
-25
22
54
87
-103
-47
-12
12
5
-7
-4
122
154
-17
-9
15
-9
19
-13
-51
-157
-95
59
123
-109
-87
8
-5
69
134
-23
-4
-11
-11
-14
-14
-10
-11
-5
-16
17
33
3
4
3
-3
11
1
-4
-8
-8
-5
1
8
-5
34
4
17
-17
-19
9
13
-21
-77
-23
17
43
-2
-42
-20
-5
9
8
-5
-2
-4
192
88
-17
-14
17
4
-1
-8
-68
-245
18
123
-58
-88
12
1
53
146
-22
-17
-7
-7
-19
-15
-7
-1
-9
-8
-14
65
1
15
3
8
-13
9
-16
-12
-5
-5
-1
0
13
7
15
-13
-20
6
19
4
-21
-61
-10
21
8
-18
-14
-15
-2
8
7
-3
-1
0
-70
246
97
-19
-4
12
-4
-7
3
-297
-17
39
30
-64
-7
8
62
131
-23
-19
-11
-5
-14
-22
2
-12
-1
3
8
16
35
12
12
-10
-10
2
-6
-1
-16
-10
0
7
12
12
-21
-13
-7
8
16
15
-24
-48
-4
8
2
-30
-11
-6
3
11
-2
-8
6
-48
15
16
299
-7
-21
5
7
-4
-15
-277
-16
-2
22
-22
13
-10
58
119
-24
-13
-8
-10
-13
-19
-6
-8
10
0
7
-3
-4
3
34
40
13
-8
-17
-3
-9
-2
2
-6
-21
8
-6
-13
-2
11
22
17
-17
-49
2
-4
-22
-12
-10
-11
6
19
0
-4
-22
-43
11
78
121
130
-8
-13
3
2
-7
-278
-6
-11
-8
-2
19
-8
62
112
-26
-17
0
-4
-14
-23
0
-10
12
-8
11
-10
-2
8
-6
1
0
14
17
4
-7
-13
1
0
-3
3
-5
-11
-3
19
26
11
-11
-36
-16
-9
-33
3
-11
0
3
15
-1
-9
-62
22
9
136
-16
60
132
-7
-14
2
7
-285
-9
6
-20
-11
25
-13
54
117
-23
-16
3
0
-19
-15
-4
-11
-1
-1
11
-12
8
10
-14
2
-10
10
-4
1
4
8
10
-1
-12
-7
3
2
-5
22
18
20
-11
-42
-27
-16
-22
-6
10
-3
2
18
0
-52
-38
32
139
-12
-10
-2
84
140
-24
-13
0
-268
-16
14
-5
-15
15
-17
60
109
-29
-9
2
-7
-19
-13
-11
-4
-2
7
11
-17
0
-3
13
-2
-15
2
11
0
0
7
3
-6
-6
6
-4
0
2
26
18
13
-2
-52
-35
-16
-17
-16
18
9
6
4
3
-81
6
63
94
-16
-6
8
-15
88
131
-17
-12
-262
-15
9
6
-26
-6
11
82
88
-37
-9
5
-9
-16
-12
-16
-3
-5
6
3
-10
3
1
-2
9
-5
9
1
-7
-5
11
1
-3
-5
7
1
-2
0
33
9
27
-33
-55
-26
-21
-7
5
4
5
10
5
-48
-27
9
158
-5
-17
-2
6
-12
-21
98
134
-9
-284
14
-17
0
-16
-17
-2
91
109
-30
-17
-5
-4
-11
-11
-29
-2
5
-2
-4
7
-14
8
6
2
1
1
-4
3
-14
9
2
-2
5
2
8
1
-2
26
19
9
-53
-44
-18
-13
-7
0
0
7
12
-2
-64
-7
120
58
-14
-10
-1
-4
-8
-4
-3
78
136
-245
-17
-20
13
-11
-16
-3
95
102
-33
-25
-1
-4
-22
-24
-12
3
1
-4
3
-5
-5
-1
15
-12
14
12
-20
7
-14
-3
10
6
-3
8
2
4
0
26
20
-47
-34
-33
1
9
-14
-12
-2
4
9
-40
-16
18
172
-35
-13
17
-27
5
-2
9
-16
19
-17
