1080
1078
929
898
865
781
776
885
1097
1101
1106
1101
1123
1117
1129
1135
1137
1118
1109
1121
1134
1085
969
889
857
845
839
841
834
829
829
830
841
842
842
844
838
835
834
840
842
852
861
874
893
914
924
929
1001
969
935
866
869
844
895
989
1032
1012
995
981
1017
1052
1050
971
1069
1063
960
937
861
786
778
864
1096
1106
1109
1115
1122
1122
1142
1147
1139
1116
1116
1147
1124
1098
1054
955
881
855
855
847
836
838
832
839
833
841
847
851
842
834
842
836
842
851
865
880
905
917
918
945
979
966
958
902
903
934
923
977
1000
1004
1013
997
1006
1021
1049
1048
1044
1033
973
964
857
789
767
823
1080
1106
1106
1111
1116
1117
1134
1128
1123
1128
1141
1151
1115
1100
1088
1055
1009
986
899
864
850
841
842
839
845
837
844
845
839
830
834
841
853
853
865
891
912
926
907
957
964
957
982
957
898
850
984
990
1003
986
1003
1022
1001
1015
1034
1052
1004
1006
970
968
857
784
761
830
1044
1109
1104
1104
1112
1113
1116
1113
1115
1116
1136
1137
1110
1094
1091
1083
978
903
985
961
850
839
840
844
847
839
840
839
845
832
835
843
851
851
869
904
918
919
898
966
941
959
995
1023
890
721
776
1005
1020
1000
985
1019
1007
1014
1022
1047
1013
1021
957
984
854
781
768
816
1037
1111
1102
1106
1113
1105
1104
1108
1106
1112
1152
1161
1122
1086
1087
1092
1052
929
861
977
945
838
847
849
851
845
831
836
832
839
840
844
847
848
878
905
917
918
914
961
948
979
1037
1094
905
707
721
762
1010
994
993
990
1004
1001
1017
1043
1104
1058
966
1001
845
785
778
790
1027
1105
1105
1113
1115
1109
1098
1107
1119
1162
1158
1142
1109
1085
1077
1081
1083
999
881
870
1015
876
853
854
846
836
834
835
838
843
844
849
848
853
890
911
917
910
945
977
981
986
1002
989
867
781
762
717
858
983
968
980
990
994
1010
1038
1110
1056
978
1009
833
780
776
807
1003
1111
1100
1114
1115
1110
1106
1111
1122
1144
1137
1136
1144
1120
1077
1073
1076
1059
938
876
928
951
856
860
849
840
841
843
855
850
853
855
846
859
892
910
916
905
886
956
936
923
923
929
872
816
791
739
748
911
949
978
965
991
999
1017
1113
1042
970
1031
832
776
776
814
1039
1105
1114
1101
1118
1101
1116
1115
1129
1142
1173
1169
1150
1114
1089
1064
1050
1070
997
888
878
998
868
862
852
845
851
842
851
860
861
855
851
865
899
905
916
928
878
904
907
904
916
934
918
807
721
755
727
874
925
936
967
963
999
1016
1112
1032
970
1035
828
787
797
827
1065
1112
1098
1114
1114
1100
1105
1114
1130
1126
1164
1155
1123
1095
1082
1072
1054
1061
1051
911
872
984
884
858
851
845
844
848
856
861
860
864
858
874
899
906
913
985
898
889
898
903
909
934
938
828
746
761
731
826
907
913
929
958
986
1016
1108
1027
967
1044
822
777
769
786
1036
1108
1101
1121
1134
1110
1105
1110
1126
1149
1164
1163
1129
1128
1099
1060
1053
1067
1081
984
872
978
895
860
850
848
850
860
856
858
859
858
855
868
890
911
900
1050
924
885
892
898
911
930
944
866
778
758
758
755
922
931
909
963
967
1007
1108
1018
972
1049
831
779
778
799
1016
1117
1100
1110
1132
1117
1100
1128
1140
1161
1166
1162
1117
1123
1073
1071
1046
1089
1074
1049
900
992
915
861
857
852
854
865
855
855
856
856
849
856
885
906
923
1077
960
882
879
893
921
931
944
915
792
752
765
732
899
953
922
945
954
994
1071
1016
974
1029
841
792
785
815
1018
1114
1102
1107
1123
1118
1121
1139
1149
1162
1169
1153
1111
1112
1064
1074
1061
1093
1072
1062
926
1015
936
875
873
864
869
868
855
851
846
842
831
843
879
899
1020
1048
999
883
888
898
920
935
947
949
828
778
772
753
827
988
962
933
957
973
1029
1017
984
1022
846
794
782
842
982
1112
1104
1108
1100
1121
1119
1144
1151
1169
1166
1149
1122
1084
1099
1084
1086
1099
1078
1072
984
1050
924
898
887
877
872
875
862
857
851
836
836
848
883
981
1051
1018
1023
891
904
911
928
941
955
968
856
855
765
767
759
1005
974
965
940
970
1014
1003
1007
1014
841
805
807
829
1000
1080
1122
1128
1146
1120
1146
1145
1145
1175
1170
1143
1097
1094
1067
1066
1090
1091
1082
1076
1038
1046
924
891
898
880
879
887
874
857
851
852
856
871
1008
1062
1023
1009
1032
892
908
918
936
947
958
979
914
963
768
759
768
843
1022
998
976
975
1035
1067
1040
965
832
808
810
871
997
1069
1130
1103
1120
1124
1155
1155
1168
1167
1168
1134
1080
1112
1039
1076
1096
1081
1085
1069
1060
1026
919
891
896
892
887
890
886
870
871
881
968
1065
1105
1037
1012
1002
1035
888
919
919
944
957
957
961
963
985
770
742
776
772
855
1040
1042
987
1089
1099
1020
920
833
799
790
824
1005
1045
1124
1106
1115
1151
1159
1160
1162
1188
1155
1100
1131
1114
1029
1073
1087
1076
1080
1056
1050
1004
991
959
930
918
908
896
894
901
917
1089
1118
1087
1081
1034
998
994
1041
888
926
921
938
934
931
936
952
974
816
765
772
772
775
836
1014
1069
1091
1097
988
900
832
788
784
809
991
1027
1122
1111
1132
1158
1155
1178
1187
1180
1079
1050
1110
1103
1059
1074
1080
1080
1055
1055
1042
1027
988
903
893
895
891
896
890
895
906
1090
1117
1072
1065
1034
990
991
1055
900
889
893
916
920
912
930
940
957
859
791
774
800
792
775
772
819
1077
1076
979
914
831
789
789
820
990
1033
1102
1107
1142
1160
1162
1181
1175
1134
1110
953
1061
1104
1071
1081
1081
1066
1044
1048
1022
948
896
878
883
887
889
890
886
885
898
1017
1111
1081
1058
1043
988
997
1064
890
864
875
899
901
905
922
930
948
876
797
796
805
805
800
795
793
1065
1038
1008
931
834
785
784
858
996
1015
1067
1113
1146
1166
1169
1186
1178
1157
1080
943
870
1101
1084
1084
1080
1051
1054
1025
988
889
878
874
879
868
867
867
887
908
912
914
1094
1089
1064
1038
997
1009
1075
891
856
867
885
882
898
906
920
925
863
787
793
819
819
787
786
792
1056
1025
1016
948
829
787
776
879
1003
998
1035
1127
1129
1159
1172
1183
1165
1155
1025
914
923
964
1094
1075
1061
1042
1058
1005
934
858
863
867
862
859
871
882
924
938
951
902
1006
1093
1086
1049
995
1025
1077
899
846
861
882
888
899
908
906
921
858
766
792
800
815
829
826
813
1030
1013
1008
951
844
802
781
802
985
990
1006
1139
1131
1151
1168
1161
1164
1160
1108
1008
934
943
1040
1052
1070
1032
1062
986
893
852
848
864
856
873
870
869
867
861
889
908
927
1098
1097
1059
998
1024
1067
931
831
866
880
898
903
906
906
912
875
737
789
787
800
827
848
846
995
991
1007
947
840
794
782
803
954
978
1009
1144
1130
1141
1145
1160
1171
1128
1057
1063
992
929
960
1062
1069
1039
1074
974
881
859
864
872
868
875
875
881
885
897
910
892
913
1017
1109
1082
1002
1034
1042
970
841
862
883
893
905
904
908
904
889
719
758
780
792
808
841
856
984
984
1003
937
837
797
786
812
963
948
987
1138
1153
1139
1174
1187
1166
1123
983
1117
1081
999
951
961
1104
1075
1081
960
882
864
873
870
882
881
876
880
882
877
915
893
904
923
1106
1102
1015
1043
1024
996
898
857
877
887
899
901
905
913
911
741
731
784
798
804
823
847
988
987
1014
950
827
806
785
820
983
945
1011
1125
1132
1170
1173
1189
1147
1107
1058
1118
1083
1087
1053
894
971
1081
1077
959
874
864
873
875
878
873
869
885
870
900
881
889
889
895
1021
1109
1029
1049
1005
1011
969
863
873
886
894
899
899
906
931
787
720
755
796
813
829
837
1000
1011
1038
970
822
797
774
797
978
996
1032
1119
1154
1174
1176
1187
1147
1113
1103
1041
960
1034
1099
964
924
1042
1084
977
890
871
877
876
876
869
872
880
881
876
889
914
888
896
929
1100
1039
1063
974
1025
1038
873
864
874
878
891
900
907
923
864
726
731
775
788
812
835
1012
1025
1045
967
823
797
772
811
973
1000
1041
1098
1124
1152
1188
1199
1134
1104
1110
1034
1060
952
994
1080
924
933
1093
998
891
873
882
881
871
868
862
867
882
873
906
935
891
899
893
1062
1049
1074
957
1057
1071
900
860
862
880
895
909
912
923
928
771
722
737
782
811
816
996
996
1018
954
821
782
784
813
954
947
914
1087
1141
1133
1164
1174
1135
1107
1110
1102
1077
983
1049
1114
963
918
1000
1024
889
879
880
874
880
876
863
873
880
875
907
935
894
898
896
1000
1064
1072
946
1078
1065
939
891
870
886
893
909
907
917
931
890
746
734
749
784
817
963
976
994
946
811
776
770
810
944
933
965
1069
1117
1133
1149
1177
1154
1123
1143
1162
1146
1032
1093
1109
1086
921
894
994
896
892
889
886
889
891
894
893
896
884
917
928
899
895
904
975
1065
1074
961
1064
1073
1010
911
877
886
900
896
899
911
920
938
851
755
745
757
786
938
959
974
930
813
771
778
806
945
910
889
932
1000
1106
1124
1166
1173
1149
1159
1183
1173
1123
1097
1095
1109
971
898
913
915
903
905
899
901
911
925
920
902
898
921
930
912
910
922
976
1071
1076
988
1062
1071
1058
932
884
882
889
889
890
898
901
921
942
865
771
763
769
932
936
964
919
800
771
775
821
952
916
899
956
1016
984
958
1135
1164
1145
1159
1174
1171
1125
1099
1094
1087
1089
939
891
916
906
902
926
945
961
939
919
898
893
905
929
971
993
977
1023
1088
1069
997
1061
1080
1071
961
901
872
877
888
888
885
885
899
927
946
918
843
808
938
942
960
912
796
771
779
820
966
936
911
918
942
948
861
906
1057
1141
1140
1161
1154
1114
1116
1110
1092
1104
1054
922
914
909
934
1029
1016
1074
978
955
900
885
882
894
1051
1067
983
1059
1086
1060
1001
1061
1075
1083
1012
908
869
874
876
878
878
878
885
913
930
947
966
950
936
935
942
902
801
763
778
825
978
955
923
915
923
928
842
841
917
1055
1141
1160
1162
1131
1132
1118
1134
1096
1107
942
865
916
908
990
1031
1054
1034
1005
890
882
875
882
942
1031
1043
1039
1074
1052
1003
1071
1073
1076
1074
929
871
867
872
871
876
872
879
897
916
927
947
964
934
928
930
895
811
781
783
829
994
965
938
930
919
901
892
858
950
1051
954
1122
1157
1144
1124
1120
1105
1111
1131
1065
910
878
912
920
890
906
917
965
925
875
871
886
872
894
947
954
1082
1051
1020
1069
1069
1078
1090
967
901
862
874
874
882
873
883
894
914
928
945
966
925
927
932
898
820
787
776
827
992
970
940
938
926
897
876
874
892
946
1000
985
1144
1151
1118
1113
1106
1114
1145
1133
1010
908
883
929
929
929
926
911
887
872
872
885
884
887
870
958
1103
1030
1042
1081
1063
1081
1091
1019
925
866
873
867
876
878
894
912
934
936
936
919
926
929
933
887
813
780
772
843
994
966
940
928
928
906
888
885
879
845
906
992
1052
1136
1125
1123
1110
1119
1125
1141
1129
963
893
905
985
938
916
898
886
878
894
893
896
901
883
942
1112
1005
1061
1078
1067
1073
1071
1079
922
880
872
881
890
894
924
923
923
904
894
887
926
926
934
882
799
783
771
838
991
958
937
931
928
905
887
885
874
841
905
918
960
1062
1099
1112
1108
1111
1131
1154
1137
1098
939
910
1001
948
931
922
883
880
897
899
901
898
872
997
1099
994
1077
1075
1070
1064
1076
1095
963
906
887
908
908
890
890
886
894
886
886
895
936
927
925
885
803
779
781
834
982
961
937
932
927
911
898
901
839
791
917
940
928
933
1042
1102
1112
1128
1130
1151
1136
1104
1088
1015
1052
913
920
931
926
905
899
901
904
898
875
1057
1069
985
1071
1085
1064
1062
1077
1080
1040
935
899
878
867
868
871
876
893
890
886
891
922
922
924
864
789
779
767
826
982
957
936
930
926
910
896
917
832
761
891
950
956
946
1000
1074
1122
1124
1134
1143
1116
1099
1118
1137
1156
1009
909
921
925
915
935
924
911
894
915
1061
1057
960
1013
1099
1066
1063
1073
1074
1091
964
923
870
872
871
874
889
890
887
891
897
924
925
913
842
780
776
769
829
985
955
936
923
920
907
899
910
761
786
892
927
938
971
972
962
1063
1127
1136
1136
1126
1114
1119
1157
1162
1069
918
911
920
918
921
929
921
902
1025
1056
1042
920
822
995
1082
1067
1069
1083
1086
1017
934
865
869
874
877
890
900
891
900
902
928
927
904
838
777
768
767
825
979
951
932
922
922
908
925
833
731
821
886
916
919
930
928
942
955
1017
1125
1128
1119
1138
1120
1160
1157
1144
948
919
903
920
908
911
910
919
936
1035
1044
884
817
835
993
1086
1073
1081
1074
1085
923
887
868
873
885
896
901
893
900
900
929
923
905
828
774
765
766
829
976
944
923
920
919
911
940
761
729
853
884
942
900
919
917
923
907
983
1003
1107
1116
1133
1158
1158
1149
1152
1137
986
911
896
916
905
918
925
936
924
948
953
962
921
881
996
1092
1084
1082
1105
983
916
883
885
886
899
903
889
890
896
934
936
907
831
768
764
766
832
978
951
933
923
917
903
916
752
731
797
870
914
941
892
907
921
918
915
988
1011
1042
1126
1072
1138
1156
1124
1114
1134
1010
918
903
911
915
924
930
929
926
921
912
935
962
915
1014
1091
1087
1081
1070
924
903
884
880
895
896
886
889
879
936
936
915
849
777
769
765
844
971
952
931
925
918
911
917
739
757
782
870
901
915
926
894
904
929
911
917
985
1015
1032
983
991
926
950
944
996
966
931
883
905
897
912
933
932
935
938
938
921
920
950
927
1107
1092
1085
1105
966
911
883
878
884
883
875
881
884
934
932
932
859
777
777
775
843
978
945
929
923
915
908
919
725
778
826
908
922
897
903
922
892
900
908
908
906
912
921
915
898
904
909
914
921
922
931
942
908
887
900
911
926
929
935
940
938
911
906
916
1054
1093
1090
1091
1066
916
905
883
885
884
879
875
879
935
933
922
859
773
770
782
843
975
942
926
919
916
905
919
744
803
847
918
918
920
896
900
911
891
907
913
909
905
895
895
899
902
899
914
920
931
930
944
933
930
904
917
923
921
933
937
938
922
904
914
968
1102
1083
1085
1101
989
916
887
881
883
879
873
873
931
926
912
849
782
762
775
839
967
939
923
921
921
904
924
750
834
901
925
909
904
918
902
889
907
901
902
921
907
897
894
906
905
920
921
917
938
939
933
942
946
952
937
903
913
921
933
934
939
923
938
922
1109
1087
1092
1083
1076
929
912
875
885
883
881
881
928
924
921
842
795
772
780
845
968
949
924
916
911
896
917
792
867
930
928
913
910
904
925
890
892
912
902
911
917
911
916
911
911
912
923
929
923
931
947
944
958
956
919
808
893
905
934
934
933
933
940
925
1089
1095
1084
1089
1082
1016
914
889
875
869
881
880
934
927
927
865
796
785
781
857
976
950
924
918
910
897
894
823
859
930
927
901
906
916
903
920
891
888
910
907
911
909
921
927
917
921
933
934
930
935
947
951
956
968
855
789
807
932
971
938
932
927
936
932
1057
1095
1080
1086
1077
1100
955
918
875
871
876
878
958
942
944
874
793
787
792
860
991
963
933
924
924
910
899
861
843
934
907
908
908
904
913
891
917
915
897
906
909
902
916
924
932
934
939
938
936
943
951
960
958
954
850
818
827
888
1080
1036
932
933
928
926
1076
1098
1078
1084
1093
1085
1060
923
906
866
873
867
960
954
956
880
799
797
801
866
995
959
941
943
943
918
902
907
833
929
910
906
910
901
902
902
899
936
940
899
892
910
913
925
931
935
947
946
944
946
951
952
952
963
846
827
842
891
1063
1092
1050
928
940
926
1101
1096
1077
1087
1084
1084
1097
1014
920
893
869
866
956
949
959
874
800
795
800
866
991
953
938
937
928
905
898
901
842
918
913
904
910
911
913
900
905
909
925
935
914
899
913
930
933
937
938
939
938
944
945
939
993
928
839
830
849
890
1058
1077
960
856
846
834
941
1096
1077
1075
1088
1086
1082
1104
967
923
879
863
958
948
957
864
791
797
793
859
977
952
940
933
925
902
891
887
877
897
909
914
914
918
915
915
905
896
908
907
905
932
923
928
935
937
938
938
946
941
944
970
983
920
845
832
848
885
1068
1026
883
824
831
841
829
1031
1101
1074
1081
1082
1090
1094
1084
946
906
862
874
956
950
862
784
776
774
848
983
958
944
936
931
906
893
887
879
873
901
921
909
919
925
912
904
900
903
904
897
893
927
940
940
936
936
944
942
941
960
977
971
921
850
824
846
902
1059
940
851
831
835
841
829
867
1094
1092
1073
1088
1077
1094
1100
1064
925
891
803
936
962
860
770
768
781
847
981
953
938
940
934
911
892
889
881
873
871
905
919
912
916
920
918
910
918
911
906
897
904
910
941
938
940
935
934
946
958
949
962
927
844
819
841
895
982
879
832
820
832
837
830
826
948
1102
1085
1076
1091
1082
1101
1088
1037
880
785
844
967
858
771
779
774
843
977
954
950
939
928
914
900
890
879
874
858
875
908
911
915
918
915
926
927
923
915
907
902
903
911
906
940
944
961
944
925
934
947
926
849
826
843
886
884
842
822
817
826
834
829
827
823
1015
1103
1086
1072
1089
1093
1092
1084
1016
771
789
912
854
766
778
779
832
978
956
939
932
925
906
891
884
883
874
866
852
917
918
933
936
944
931
940
924
912
907
902
901
901
914
921
936
923
903
909
928
932
911
850
840
861
869
851
837
822
820
828
835
832
831
831
761
1007
1104
1085
1081
1093
1089
1082
1085
788
771
810
840
776
769
777
839
970
947
928
917
912
898
876
878
866
865
868
876
892
927
939
951
941
931
933
927
926
910
900
900
907
919
931
910
897
890
898
914
929
905
857
853
861
863
833
822
816
819
830
828
820
826
778
793
809
1108
1101
1080
1085
1092
1088
1073
796
780
778
800
778
791
781
839
958
934
921
913
903
890
871
865
857
867
867
874
871
867
870
904
944
957
949
932
929
920
918
920
914
893
901
895
882
880
891
913
930
913
864
866
862
840
828
818
807
813
832
832
828
806
763
774
852
973
1103
1095
1082
1085
1087
1080
802
796
785
777
775
794
786
848
960
934
917
917
913
899
876
876
866
878
870
881
871
869
877
871
872
872
886
903
907
900
887
888
888
885
888
883
872
869
888
914
925
914
878
862
853
820
823
812
812
815
830
829
820
758
780
789
925
909
969
1101
1094
1080
1082
1089
804
795
801
781
770
795
782
836
953
930
914
917
917
898
883
879
868
867
866
877
865
873
883
869
871
861
871
867
868
872
880
890
889
877
870
873
875
870
892
910
930
919
877
850
834
812
806
816
813
815
833
833
781
743
775
914
902
892
890
974
1114
1090
1077
1077
809
793
807
802
787
802
785
845
954
925
916
918
911
892
879
868
864
862
869
880
863
863
860
873
871
856
858
869
869
869
876
879
873
867
873
869
869
871
897
915
928
926
874
839
823
806
790
808
817
823
827
830
749
755
818
912
896
890
898
883
971
1102
1085
1073
811
796
805
811
785
779
790
872
960
923
914
919
910
894
882
866
863
858
864
867
857
860
861
859
868
863
872
873
866
861
872
873
870
865
872
873
871
871
904
913
940
907
852
826
805
798
803
807
812
822
827
779
752
761
919
914
897
895
901
889
868
966
1100
1091
807
821
804
804
788
771
769
860
969
939
922
917
913
902
891
862
860
865
863
859
866
852
860
866
868
869
870
866
869
855
864
866
864
869
871
879
880
878
904
923
932
879
835
817
804
797
797
797
804
816
814
750
743
863
921
907
897
896
892
884
880
877
955
1091
846
829
809
822
811
795
792
887
989
956
931
930
926
904
880
868
871
872
868
871
866
861
860
875
863
877
889
869
876
862
859
869
875
872
880
882
886
886
912
932
885
851
818
819
828
814
802
800
804
813
773
757
775
947
912
899
916
889
894
892
901
885
904
887
