639
570
573
567
559
556
556
562
568
562
564
574
562
578
569
569
557
573
581
581
575
577
581
580
578
581
574
572
577
572
568
574
575
573
577
612
587
594
594
579
580
595
644
725
616
579
575
586
581
585
588
588
584
591
587
583
588
574
576
574
570
568
567
558
716
622
630
615
614
607
612
612
619
611
614
627
622
648
633
644
631
630
628
644
635
633
631
633
633
629
635
635
635
628
626
621
625
625
625
674
639
629
640
635
645
661
738
792
690
632
629
640
637
646
642
651
641
639
642
639
639
630
635
631
627
621
626
613
718
621
628
628
629
610
609
616
625
614
612
615
622
628
633
619
606
628
644
641
635
639
649
640
636
637
642
634
637
634
630
624
648
639
619
639
637
629
623
634
634
645
794
812
684
637
644
658
637
651
640
653
637
641
640
636
637
624
630
636
629
620
637
618
716
622
627
613
606
614
606
615
613
612
615
616
617
621
616
617
619
640
664
638
637
637
662
638
643
637
639
635
637
636
624
620
631
628
625
623
626
607
627
630
643
646
733
784
695
634
641
646
636
646
643
646
642
641
639
660
629
624
647
639
629
625
638
621
710
617
614
614
620
612
607
612
617
614
623
617
620
623
618
616
631
636
654
638
641
637
664
643
647
642
641
635
638
638
625
623
630
626
633
630
619
622
634
640
624
635
745
765
710
649
633
637
638
662
652
650
639
660
643
641
649
624
654
640
631
626
614
621
715
616
616
625
612
605
604
613
614
612
623
621
620
629
629
630
612
646
667
647
644
645
672
645
651
644
638
644
640
636
623
638
624
627
630
635
631
614
632
629
630
636
809
818
711
640
636
644
640
660
656
660
638
639
640
638
654
631
643
635
637
637
635
624
711
619
632
652
606
605
605
614
612
615
624
621
633
630
633
628
634
662
657
641
656
659
682
655
642
640
633
642
641
641
634
633
638
636
629
636
625
627
621
629
639
677
1113
1097
688
644
630
641
638
646
642
657
637
653
638
651
652
616
641
639
635
631
630
624
710
635
611
650
612
613
611
614
609
619
619
613
624
649
621
609
631
640
638
635
644
641
648
645
642
642
638
663
644
641
640
636
644
639
635
631
627
634
635
633
661
742
1021
932
711
651
630
638
639
652
647
661
644
654
641
648
648
616
645
624
638
627
635
638
715
615
616
627
615
613
611
617
623
625
629
623
626
635
620
653
627
639
639
641
641
651
657
645
643
641
633
644
636
636
638
629
635
633
636
633
632
663
637
643
638
836
982
848
720
645
630
643
636
660
651
657
646
649
642
672
631
621
643
618
636
648
636
634
713
623
617
631
619
623
624
626
633
634
635
637
627
641
631
618
614
641
645
647
640
661
647
638
637
646
638
639
642
643
637
638
636
640
634
637
660
637
652
635
644
747
1145
1073
700
635
633
643
640
659
655
653
637
651
632
658
642
626
642
617
635
635
631
630
714
637
651
632
624
625
629
632
634
635
639
644
632
638
636
614
617
638
641
644
649
653
645
646
643
644
647
640
641
640
642
643
646
652
648
640
638
635
641
651
662
763
1111
988
824
627
630
639
640
649
649
651
638
642
643
653
663
606
616
609
632
632
629
632
717
664
717
632
625
634
630
633
647
638
635
649
638
640
634
621
626
638
643
650
637
650
641
651
647
642
643
646
642
647
645
643
649
649
646
641
632
637
648
644
642
692
862
762
716
638
641
645
643
654
652
653
639
655
641
667
646
600
604
605
625
630
631
629
716
649
671
625
629
632
637
636
676
643
642
650
639
647
630
614
629
644
648
638
644
653
641
647
643
649
648
656
654
653
657
703
654
645
648
645
648
657
651
647
638
666
635
566
617
637
650
649
639
662
651
651
638
674
642
663
656
585
604
623
626
630
628
626
733
650
624
650
637
632
640
636
648
665
650
649
651
642
632
626
640
647
707
642
639
647
643
648
654
652
647
659
649
652
653
672
654
649
664
650
649
656
649
646
649
685
644
525
622
634
647
647
648
660
649
647
645
656
641
670
655
590
602
606
629
627
630
617
842
1063
748
769
757
751
739
792
748
778
763
781
777
772
724
788
794
854
849
775
805
682
705
720
723
713
712
729
765
735
706
750
716
737
718
718
728
695
717
694
681
718
722
456
625
640
652
650
645
650
643
657
647
651
625
649
646
597
601
604
625
626
637
625
984
813
617
608
630
612
630
672
670
698
685
662
648
623
629
836
813
930
921
878
883
957
701
684
718
678
709
680
731
648
686
731
691
652
671
692
724
688
645
653
632
618
550
558
623
643
652
649
640
647
645
649
648
644
620
652
649
591
623
608
620
624
635
638
768
635
636
616
632
634
642
635
644
645
640
634
633
634
641
641
749
891
826
778
783
777
659
656
662
672
683
679
670
665
655
661
660
664
664
662
649
666
663
661
640
641
657
637
638
634
665
649
652
652
649
648
654
651
630
651
641
586
639
617
622
633
630
641
722
630
631
633
628
633
637
637
630
634
635
638
635
638
665
632
634
644
650
641
646
647
645
641
637
644
653
648
641
648
645
651
654
654
656
656
659
651
648
647
642
649
669
634
639
645
658
647
664
648
658
655
651
646
635
652
643
606
632
622
638
633
627
637
718
631
633
632
630
625
630
624
624
626
627
623
622
613
619
615
620
628
630
629
633
636
635
636
643
638
633
632
636
638
649
648
647
654
653
651
651
651
648
648
650
656
668
562
640
652
681
670
656
650
670
661
651
646
629
652
656
606
630
620
625
634
621
640
715
633
629
627
626
635
630
638
640
624
626
637
618
622
617
628
642
651
635
643
642
652
657
638
630
652
625
633
626
633
632
632
638
641
637
637
639
636
638
639
640
624
619
484
642
649
683
675
653
650
664
656
657
638
622
640
665
606
611
582
577
608
615
630
714
623
626
619
619
626
625
626
622
617
620
621
620
615
613
613
635
636
653
637
630
629
619
618
614
612
615
611
609
613
615
621
622
627
628
622
618
624
625
633
627
662
631
569
642
649
673
672
655
652
664
659
650
641
631
640
635
594
509
463
453
500
515
565
715
626
628
623
618
616
618
620
619
618
622
621
612
611
612
614
609
611
608
611
610
614
617
619
609
616
607
606
604
615
613
610
613
609
612
612
645
626
615
629
625
632
606
594
638
641
655
735
641
656
660
646
651
640
635
641
639
601
531
633
631
492
403
461
715
620
624
619
621
615
612
620
627
626
636
628
625
632
624
615
606
588
590
601
611
620
614
603
594
576
590
599
600
602
598
602
601
607
608
617
620
622
630
631
636
642
631
553
635
636
649
698
628
656
676
656
654
635
640
636
635
597
648
643
579
592
631
603
709
626
639
650
640
640
630
641
633
635
628
628
628
607
575
482
469
478
473
471
526
587
576
575
581
586
580
601
603
597
584
581
581
589
597
600
607
620
618
619
622
625
644
633
636
631
656
644
619
654
660
660
649
639
648
633
632
591
640
616
602
586
495
621
706
608
616
614
613
609
604
609
612
621
623
623
611
599
543
575
587
604
619
520
493
546
506
484
513
477
479
522
548
583
555
554
562
566
574
581
598
607
610
611
636
629
645
585
634
637
650
660
631
660
660
671
647
638
647
624
637
577
627
644
626
627
613
698
710
609
614
617
615
615
617
619
626
634
635
621
627
610
548
592
593
609
571
543
481
544
556
522
505
476
501
554
533
483
519
534
554
565
561
567
565
583
600
597
596
607
631
512
635
634
649
668
640
655
664
668
639
639
638
626
644
589
633
638
634
639
675
682
719
628
640
643
641
641
647
658
653
642
627
629
628
617
543
657
615
590
568
558
502
511
564
562
471
520
482
511
512
493
480
516
526
548
541
541
545
567
592
603
613
615
609
500
648
642
650
650
669
665
667
670
642
621
638
646
635
577
625
632
643
650
662
658
723
634
631
630
622
631
630
632
630
631
634
628
623
595
537
592
581
591
555
565
510
539
551
524
566
530
503
500
487
466
439
454
446
466
496
508
529
546
579
608
620
613
581
623
632
636
652
640
676
653
672
652
654
624
615
642
652
557
636
634
654
646
629
625
711
623
629
644
647
609
628
631
619
646
670
669
690
664
571
591
542
568
557
570
511
518
535
538
611
453
460
483
456
441
403
424
438
466
499
518
532
542
575
596
610
617
590
636
649
647
662
653
687
664
664
656
653
626
627
635
676
539
668
626
637
633
637
636
734
659
657
689
720
736
720
628
654
671
679
657
652
601
561
590
553
559
550
574
508
542
547
544
712
442
431
472
447
426
399
616
785
799
682
511
509
535
561
584
602
623
569
639
638
661
681
649
665
666
641
644
635
637
631
622
684
537
647
628
636
645
652
643
754
712
669
666
697
682
650
641
655
692
681
660
676
623
561
591
510
500
539
591
511
501
569
566
866
428
377
490
465
658
1057
1181
1263
1332
1324
1184
640
511
582
621
647
609
571
635
646
659
543
667
657
654
652
661
643
629
623
623
671
543
669
628
632
642
645
650
698
591
613
591
600
630
603
571
573
585
579
588
596
597
568
592
472
369
524
591
518
540
547
508
705
532
423
507
659
1116
1227
1246
1244
1356
1517
1486
1368
652
587
597
604
628
561
638
649
389
232
672
659
637
636
642
653
646
635
626
652
557
662
606
644
643
641
644
723
639
632
635
645
630
628
629
631
627
630
616
626
658
608
584
518
336
557
575
515
555
584
633
584
589
568
509
907
1294
1292
1307
1340
1329
1311
1604
1605
1225
549
614
616
636
589
639
639
397
256
678
652
645
647
643
641
641
629
641
666
550
670
600
643
644
641
635
722
629
640
638
637
640
637
635
635
629
638
620
605
558
533
596
595
588
594
587
531
578
613
693
618
594
586
687
1147
1319
1406
1474
1356
1334
1240
1321
1660
1625
565
558
572
606
653
649
641
428
287
661
643
642
630
628
642
633
617
627
667
547
620
604
628
623
631
622
719
631
637
634
626
629
631
636
647
642
626
627
610
564
545
594
586
593
588
580
522
599
637
627
621
595
586
753
1260
1270
1429
1525
1283
1508
1489
1178
1600
1754
699
604
635
646
626
623
642
566
490
651
639
639
639
621
628
622
605
627
648
504
613
583
606
623
606
597
718
623
620
630
627
625
635
625
633
628
613
615
616
567
549
611
590
583
578
604
486
577
583
585
614
590
557
665
1365
1373
1720
1674
1577
1461
1605
1485
1840
1778
642
645
638
616
622
585
633
638
579
657
631
627
627
613
604
599
605
619
626
416
533
483
529
552
539
567
718
622
622
621
620
623
625
623
628
620
639
574
531
500
555
607
582
582
561
608
454
538
539
500
488
525
501
554
1391
1385
1654
1816
1908
1807
1766
1720
1825
1363
596
600
586
589
573
532
626
599
620
582
567
558
554
554
534
530
526
542
543
345
732
682
619
592
636
705
716
631
640
642
634
639
634
642
622
601
580
541
533
431
529
579
572
610
596
605
401
448
449
446
463
474
467
484
801
1625
1682
1749
1790
1723
1616
1735
1817
664
495
506
482
517
486
495
486
462
483
446
442
413
431
457
409
434
425
425
514
324
568
409
588
608
547
593
734
623
623
626
635
625
619
623
648
593
532
526
519
496
566
612
586
598
600
642
361
408
425
439
465
473
483
472
452
785
1585
1889
1860
1834
1756
1713
891
547
535
531
518
525
498
486
476
482
485
479
466
469
454
476
494
464
504
423
641
282
373
326
388
405
427
487
717
649
648
636
652
653
662
666
649
540
516
532
464
383
325
500
588
595
524
235
240
256
274
301
331
346
351
345
311
295
412
990
1325
1320
986
448
377
374
370
361
357
356
358
354
351
348
349
344
336
327
324
314
309
317
329
304
372
299
340
336
345
349
335
382
727
627
605
596
601
598
621
601
603
551
582
537
524
323
305
402
453
466
446
463
470
508
469
333
287
310
308
392
393
369
369
368
406
306
328
351
361
369
368
372
374
375
354
367
370
372
378
381
382
395
412
487
483
495
498
504
391
494
388
487
495
497
498
490
726
683
699
690
657
637
623
611
646
590
604
581
551
509
521
527
526
516
526
474
483
494
509
493
511
511
482
569
562
577
598
591
597
569
558
557
560
555
554
560
553
563
706
658
614
607
604
572
586
662
549
643
629
650
649
677
666
526
439
600
605
622
619
631
746
667
674
614
584
631
606
694
693
606
625
628
601
815
824
776
826
763
785
743
763
776
780
795
818
787
784
744
783
771
784
771
778
796
804
833
810
818
815
816
820
823
979
951
890
886
886
871
822
832
806
836
830
857
917
888
846
620
610
850
882
841
819
821
751
685
660
592
583
585
605
693
666
692
720
679
650
669
693
705
689
694
696
692
698
686
698
711
694
719
710
752
792
798
815
826
788
743
730
712
704
697
713
704
703
1050
805
701
697
703
680
695
681
680
704
796
786
807
803
763
670
446
753
785
741
747
685
666
740
694
688
713
700
691
665
754
713
694
726
626
642
771
690
608
607
613
620
628
642
639
645
627
621
636
622
631
646
688
676
674
676
653
677
665
661
651
650
661
660
660
668
676
658
664
667
667
660
681
685
702
718
776
662
548
671
442
573
599
625
593
496
485
756
713
705
686
687
697
701
726
704
714
725
670
683
675
687
672
680
667
664
673
675
681
693
684
685
679
661
653
665
655
666
674
682
764
718
665
677
691
687
700
699
696
690
696
670
667
665
661
652
658
640
632
630
628
604
699
665
472
609
575
554
529
528
508
761
710
719
725
711
693
720
721
711
693
683
755
709
678
679
677
723
742
669
743
728
728
719
702
706
728
717
745
747
754
736
787
751
720
716
702
722
727
734
749
755
749
707
681
712
710
711
714
696
683
701
681
662
653
673
626
677
522
634
623
574
557
480
446
774
742
730
707
712
733
726
729
709
682
766
747
725
755
728
675
734
710
757
702
702
722
700
727
741
744
744
730
688
698
690
705
716
730
715
730
694
712
740
725
750
734
670
690
667
675
667
655
658
622
644
631
682
657
649
598
666
528
542
524
472
461
404
354
748
741
732
703
757
737
708
684
704
736
707
677
703
690
684
708
785
712
737
720
722
718
691
688
721
721
719
725
711
696
703
675
679
714
726
763
750
736
802
805
756
779
843
704
682
650
650
657
643
618
651
658
666
657
669
628
676
541
550
513
469
459
394
327
689
529
517
513
514
540
538
554
544
531
534
508
503
516
491
482
508
535
558
538
536
514
549
528
546
541
478
474
465
552
603
599
647
607
611
613
640
590
582
575
599
497
555
750
675
661
653
673
647
628
644
651
686
663
675
675
655
523
536
492
463
390
305
284
727
645
654
640
636
633
619
631
632
626
640
683
652
643
671
646
644
640
628
645
625
639
647
633
618
624
614
608
610
588
583
609
584
585
611
624
609
591
586
674
550
629
430
765
681
663
669
689
660
676
662
698
668
628
651
605
649
511
524
514
399
363
292
371
721
644
643
627
655
634
640
630
630
629
676
657
665
664
646
612
639
662
631
675
612
644
662
660
646
675
671
658
690
721
693
648
685
645
704
765
746
720
749
714
756
888
847
731
668
656
683
692
719
686
676
676
646
655
662
630
605
510
506
292
280
325
309
535
718
641
630
654
658
630
647
638
642
646
617
639
639
667
644
607
636
660
644
683
624
660
660
668
664
685
656
656
668
681
657
655
659
671
742
745
732
666
663
672
753
1201
775
713
673
657
684
679
654
655
674
672
651
661
637
640
588
497
497
438
354
311
454
589
732
622
625
632
627
629
636
628
626
626
644
621
625
629
644
628
642
658
652
670
630
669
679
687
693
701
666
654
661
670
683
702
672
667
671
656
716
664
712
661
729
1227
717
691
668
675
669
659
665
658
679
677
660
640
630
621
566
476
453
455
270
340
587
628
719
626
625
631
621
631
640
635
627
654
641
631
637
653
639
655
683
668
663
678
629
682
658
681
688
687
657
653
663
646
656
658
668
676
654
648
727
662
653
666
754
1242
742
707
661
662
681
682
720
652
707
671
653
663
656
535
545
442
430
379
298
529
643
652
727
632
635
629
638
628
631
640
628
640
652
636
643
646
661
678
691
660
645
692
645
681
672
656
658
669
660
660
651
667
693
665
669
670
678
667
661
673
652
675
726
1184
744
687
667
668
708
676
727
712
670
672
642
637
666
597
551
447
391
324
438
649
635
598
715
629
638
623
627
634
623
629
627
640
649
635
656
663
644
690
682
699
731
715
639
680
690
658
654
669
683
708
686
695
664
671
663
683
663
664
668
664
660
694
725
1104
801
702
712
657
684
676
718
671
674
649
648
620
596
527
487
386
344
340
577
635
618
623
724
633
632
632
633
628
629
638
634
636
631
646
657
655
680
709
679
676
676
706
647
683
658
678
693
675
686
656
669
673
697
664
676
667
682
708
685
666
681
678
756
915
755
729
699
663
705
674
688
688
671
635
635
594
575
514
455
330
314
487
609
634
634
617
722
632
633
636
631
619
675
654
636
646
657
649
651
635
655
661
693
684
681
685
652
673
710
702
686
673
700
644
669
656
654
684
688
671
708
691
742
715
656
668
721
892
806
740
681
669
693
692
680
669
664
630
620
578
563
479
408
283
380
583
611
681
636
741
725
640
638
643
641
648
626
666
640
654
646
648
649
658
662
661
661
675
722
766
669
675
705
683
681
676
708
663
666
655
668
681
675
678
672
682
681
679
706
749
740
984
891
700
673
675
705
710
681
662
644
620
609
543
512
441
368
284
534
589
621
654
632
641
738
639
637
654
663
642
654
665
645
658
648
648
646
637
677
676
682
691
749
693
685
703
694
674
671
703
707
672
682
666
671
698
674
686
682
682
671
697
714
717
752
926
778
710
684
683
708
730
679
665
640
600
600
516
476
414
303
447
582
662
638
643
623
616
726
635
642
666
668
650
643
689
641
664
642
646
637
654
670
695
699
714
697
651
726
715
674
677
697
725
699
691
749
709
686
669
651
661
696
731
719
695
702
716
721
821
591
696
687
693
720
725
668
686
645
590
587
524
445
341
370
570
620
613
640
632
631
624
725
641
638
631
634
645
644
658
647
662
654
650
659
662
683
669
675
692
707
684
716
704
702
678
679
699
703
708
676
684
737
703
688
743
686
726
700
717
706
715
756
827
572
699
681
680
712
700
649
650
614
586
600
488
383
326
540
667
633
623
624
629
630
615
746
715
697
705
696
712
697
700
701
710
715
703
700
694
735
747
741
730
740
756
750
745
726
717
741
747
732
753
722
710
728
726
775
743
754
749
738
755
769
781
759
785
715
758
746
741
724
738
702
697
687
654
628
543
489
558
676
698
693
740
716
678
686
685
