-9
-69
3
-6
-8
-3
0
6
6
-6
2
10
-12
16
-9
0
-12
16
8
0
-6
2
4
-1
-2
3
-7
-2
5
-5
-4
6
1
-2
4
35
-25
7
0
-15
1
15
49
81
-109
-37
-4
11
-5
4
3
0
-4
7
-4
-4
5
-14
2
-2
-4
-2
-1
-9
158
-94
8
-15
-1
-7
5
0
7
-8
3
13
-5
26
-15
11
-13
-1
-2
16
-9
-2
-2
2
0
-4
6
0
0
-7
-2
-5
4
0
0
49
-35
-10
11
-5
10
16
77
54
-102
-58
-3
11
-3
9
-4
9
-10
-2
3
-3
0
-9
5
-4
-4
-6
5
-13
105
-97
7
0
1
-19
-1
7
9
-11
-2
3
7
6
5
-14
-13
22
16
-3
-6
4
10
-9
-4
1
5
-8
3
-3
-4
-6
24
-9
-20
20
-2
-8
-6
11
0
11
149
18
-128
-47
7
14
-21
14
-11
13
-16
4
-1
-4
1
-13
6
6
-7
-9
17
-19
98
-94
5
-14
-7
8
-8
9
-2
-1
3
1
1
4
-5
1
2
21
24
-26
-1
0
25
-24
5
-6
2
-4
2
-1
-12
-4
11
-3
-3
-2
3
-19
20
3
13
3
87
51
-89
-61
7
5
-10
10
-3
3
-4
-1
-2
21
-31
-5
23
-8
-10
-4
13
-17
89
-93
-3
0
6
-8
-5
5
5
-3
9
-6
3
3
-5
-2
15
5
18
-16
3
-4
27
-21
4
-5
-1
-6
3
0
-13
-2
7
-4
7
-3
-11
3
12
6
-16
11
110
20
-55
-61
-16
4
1
24
-10
-2
-11
21
-17
-2
8
-25
30
-14
-9
-5
-12
7
94
-99
0
9
-13
-7
-1
9
1
-2
11
-2
-1
9
0
1
-18
34
21
-20
-3
1
27
-27
6
-7
-6
6
-4
-4
-13
15
-14
3
3
5
-4
-17
18
-3
1
6
173
9
-107
-71
-4
8
-4
20
-4
4
-22
1
1
-2
16
-23
12
-8
2
0
-2
-11
87
-92
13
20
-46
-1
0
9
-2
3
9
-3
12
-3
3
-5
6
28
-5
-16
15
3
23
-27
-13
-2
-7
9
-1
0
-7
-1
5
-2
-7
7
-11
2
-6
8
10
38
436
-16
-409
-44
-14
11
-3
8
-4
15
-20
16
-15
13
1
-36
25
-2
-4
-4
-1
-6
86
-75
-24
39
-38
1
-2
3
-5
10
0
-6
11
25
-28
-12
22
9
-2
-3
9
-3
7
-3
-3
0
-4
25
-19
-3
-1
-4
8
-5
-4
-4
-4
7
1
-2
28
81
279
-89
-221
-60
-21
8
1
13
-5
14
-17
10
-13
7
0
-32
29
-21
14
-11
8
3
77
-100
1
11
-12
-2
-2
6
6
2
4
-6
3
9
-15
33
-26
12
0
2
0
10
6
-12
-2
-2
-8
11
-8
0
2
-9
6
-2
3
-3
-1
31
-26
6
-5
198
146
-134
-128
-75
-15
13
-7
24
-9
6
-11
3
-7
30
-41
-10
22
-25
18
12
-12
-2
79
-90
-6
14
-12
4
1
2
7
1
1
2
-10
14
-10
-13
-4
27
4
2
-7
21
-14
-9
-1
9
-8
1
3
1
-6
1
-2
4
-6
3
23
-23
15
-17
9
103
398
-72
-373
-65
-2
10
-3
19
-4
-2
-16
14
-19
26
-16
-16
16
-25
18
0
-4
-1
84
-77
14
-19
-8
1
4
3
2
1
4
5
-12
6
-2
-22
3
21
3
3
5
4
-8
1
-3
1
3
-7
1
-1
2
1
3
6
-4
-8
-2
-3
6
10
11
101
348
-123
-164
-197
3
9
1
9
0
2
-13
4
1
10
10
-57
10
-7
23
0
-3
3
85
-53
53
-85
-7
9
-4
3
14
-9
-3
14
-11
2
-6
-13
5
12
5
7
-13
13
-9
10
-4
-5
1
3
-4
5
-2
-2
6
0
-3
-5
-9
5
11
-4
-2
50
170
-100
-46
-78
3
4
-2
11
-2
1
-14
16
-14
26
-21
-46
4
1
20
5
1
-2
87
-67
22
-46
4
3
5
-1
40
-33
-1
8
-11
8
-17
-16
15
15
4
-10
6
9
-12
6
-4
6
-1
8
-2
-1
4
46
-49
-9
3
-3
3
9
-6
-4
-9
28
-31
-69
51
20
13
-1
-10
23
-11
0
-13
36
-32
21
-7
-71
19
19
3
4
-2
-2
107
-83
-26
26
-13
-5
8
-4
12
17
-15
-1
2
-9
-10
-6
14
7
60
-65
-3
8
-4
5
6
-2
-5
12
-10
3
1
19
-18
-5
15
-14
-1
7
-7
-3
3
36
-41
-119
97
12
13
0
1
12
-11
-2
-2
11
-15
29
-15
-65
12
4
23
-2
3
-13
225
221
-315
21
-12
-6
-12
53
-44
30
-15
18
-4
-5
-48
64
6
60
-5
-74
30
-123
23
15
3
-10
-1
17
36
-30
-29
44
-34
21
-19
0
10
-33
22
-23
-13
37
4
-266
169
15
12
-2
-5
5
-7
14
-10
4
-26
24
-3
-49
4
3
21
1
11
-12
359
-171
-196
-9
22
-18
18
42
-2
28
-13
-23
-14
-25
6
207
-23
117
-9
-43
5
74
-256
-17
34
-40
31
-29
51
-83
38
45
-40
-39
19
21
32
-36
-43
8
-21
-14
-68
8
65
20
9
-3
-9
7
-2
4
-1
-4
-24
32
-3
-58
32
-15
12
4
11
3
130
-133
1
-20
16
2
8
-7
9
1
-5
-6
-1
1
7
0
108
142
-65
-48
5
-6
-118
-3
6
10
11
-4
-9
-5
-10
6
-1
4
0
-2
-13
17
-3
-2
-21
1
16
-20
1
-4
31
-16
3
0
-3
-1
6
-3
-21
21
-10
-55
53
-22
5
11
-3
11
81
-92
1
2
-5
5
4
0
-7
4
1
3
-3
3
27
-33
2
10
6
-9
5
1
-2
-4
-4
7
9
-5
-7
7
-3
6
3
0
2
0
3
-8
-3
-1
-5
7
20
-35
5
6
13
-11
17
-16
10
-3
-4
-5
-11
17
-9
-37
26
-10
16
-5
-6
10
81
-87
2
-1
-2
-5
5
-6
0
2
1
-4
-1
-9
6
-4
5
8
2
-1
4
3
-1
1
7
-5
-5
-1
4
2
11
-1
-1
7
-1
-2
0
0
-3
0
2
6
12
-106
78
12
29
-11
-14
-6
20
-9
-10
-5
-17
23
4
-50
24
-10
5
9
-13
19
75
-82
-4
-2
-1
9
-5
8
2
-16
2
11
-19
4
-5
11
14
9
-16
8
-1
10
5
-19
-8
22
-27
8
-7
7
-1
0
6
3
-4
0
2
-3
2
1
1
-16
-5
-135
158
7
34
-8
-22
-3
14
-8
1
-19
-16
18
25
-59
5
-29
-5
31
7
15
84
-91
3
-7
0
7
-1
1
-4
-5
3
1
-1
-5
-2
0
22
1
17
-16
-7
-1
-10
-1
-4
-2
3
-4
-2
4
2
6
1
5
1
-6
-4
6
1
8
-6
35
-31
-62
73
7
24
-1
-17
-3
12
-5
-9
-9
-10
9
-5
-41
-85
-46
-10
47
15
50
150
-89
2
-5
-5
-2
2
2
-1
-1
4
-1
-9
-1
1
2
-5
2
-3
3
-1
4
3
2
-10
7
-9
-1
-2
11
-2
-3
3
-4
3
0
33
-19
-11
14
-4
7
-26
-12
44
3
14
80
-94
15
4
-14
5
-11
-5
6
-2
-38
-70
102
-2
-139
-89
58
254
-95
4
-5
2
-6
-3
8
7
-1
10
-8
-3
7
-8
-9
-9
-18
2
11
10
9
-6
-11
-9
-18
14
9
1
2
-4
4
-1
6
1
9
3
2
8
1
5
6
-11
-78
82
1
13
49
-70
28
20
-20
-2
-19
5
-4
-1
-38
51
-5
-64
13
39
-28
106
-83
13
11
-10
0
-10
11
-8
2
-7
0
0
-21
-32
-93
-13
9
-5
-2
55
61
-11
-1
6
5
-6
21
2
-6
-13
-3
0
8
8
3
7
13
-2
1
3
3
19
-11
3
-5
25
-12
-25
35
6
0
-11
-10
9
-15
-1
-41
49
-24
-14
-16
-91
126
85
-98
8
-2
-1
-4
-5
5
3
9
2
0
-12
-12
-56
32
12
17
15
-99
-27
53
-40
-22
29
-36
2
43
26
35
-28
-1
8
4
8
7
17
9
3
1
25
-7
16
-60
49
3
13
10
-29
29
0
11
-24
-9
9
-23
13
-60
50
17
-18
1
-14
85
12
-101
5
3
-2
0
2
2
7
8
1
-14
6
-17
-62
44
1
16
-38
-28
-62
63
12
-34
-17
-29
25
53
-21
-50
36
15
20
11
-4
6
-2
18
17
-3
-1
11
24
-119
123
-1
15
19
-28
15
9
4
-29
0
-1
-12
18
-55
44
5
-4
5
36
7
37
-91
12
3
-2
0
6
11
-5
-11
-15
2
-1
-11
-74
114
-42
-25
-22
-10
-56
9
53
-2
-91
49
-38
29
1
-19
-13
36
10
22
-7
0
4
22
25
11
10
2
-6
-109
148
-6
8
0
19
-4
2
3
-28
-21
17
8
-11
-58
48
7
11
7
12
-4
65
-89
-3
-1
-8
9
-1
2
-2
1
3
-6
-5
-28
-58
55
-11
10
-36
10
-55
29
12
-27
42
-36
-27
-3
-13
-21
-27
15
-8
20
30
12
21
17
33
29
12
-7
-32
42
9
4
16
-12
36
-23
19
-20
2
-30
-9
27
10
-95
79
-2
20
-8
-17
-4
86
-88
6
15
3
-38
19
3
-12
27
24
-1
21
-26
-93
20
-49
26
-11
13
-59
7
17
3
73
-158
7
23
-27
-15
-38
21
14
28
33
19
14
10
33
21
14
7
-27
46
13
-2
15
-9
34
-23
0
-8
-3
-27
1
8
41
-137
129
-42
11
-4
4
-1
98
-75
-2
32
31
16
-16
-92
26
17
8
-22
-5
-51
-40
29
-37
6
-9
24
-66
34
5
-3
168
-270
-11
41
-25
-21
-27
217
169
14
-117
-171
-2
26
26
23
18
21
-54
70
-1
23
20
-32
16
1
-25
3
-9
2
-6
-9
62
-147
110
-19
8
9
7
-9
111
-42
-43
-3
31
-15
-32
-9
14
37
-11
-21
16
-53
-62
30
-81
-10
39
52
-80
-10
68
-3
300
-438
-51
113
-25
193
399
124
82
69
-8
-140
-544
-129
71
39
26
-38
-38
64
11
13
-116
124
-10
-3
-2
9
-18
-14
-6
0
48
-128
126
-41
4
10
3
5
48
-107
22
-22
9
30
-27
-32
2
12
-6
9
8
1
-29
24
-120
-103
155
67
-73
22
7
-39
197
-173
-109
84
152
457
111
19
-2
112
161
-31
-118
-716
-65
10
7
24
-67
77
11
-260
-157
440
-13
-22
-1
6
11
-7
-11
-9
26
-95
105
-56
38
-1
-2
3
79
-84
-7
3
10
-15
-2
1
2
-4
3
-14
10
32
-50
-24
-66
-182
221
18
-60
40
29
49
-49
5
-21
-59
398
387
-2
15
33
-11
-18
293
1
-380
-676
65
2
20
-47
50
0
-242
-141
422
-26
-7
2
-4
-2
0
-12
12
25
-116
120
-70
43
1
-3
-6
87
-93
11
-2
-1
3
-3
-2
0
-6
9
-18
-15
-47
-25
63
-1
-7
6
-7
-56
47
35
80
-75
-24
-8
101
460
172
87
68
-118
-22
-94
81
339
-35
-1060
-7
14
34
47
-4
-8
-213
-141
374
-18
-1
-12
-2
14
-9
-16
10
40
-120
73
-16
24
-5
8
-9
97
-88
6
-3
-8
3
2
5
11
-5
-16
1
-17
-46
-19
49
-8
7
-5
-8
-58
77
38
-10
-6
-26
-9
167
507
10
159
96
-242
225
-19
-311
422
154
-1055
-95
31
11
-20
-3
19
-76
-76
161
-12
0
0
-18
7
-6
-17
22
21
-144
109
-30
23
17
-17
-9
121
-95
-3
10
-3
-2
10
-10
8
-5
-15
2
1
-49
-18
62
-21
-7
-5
26
-118
91
6
2
29
-24
-33
108
700
8
347
-46
-97
-116
144
-120
355
-62
-1136
3
-7
-22
6
-37
48
5
-59
78
-26
-4
0
-14
-9
-5
6
14
7
-210
117
-50
46
23
-13
28
151
-96
0
-1
-1
3
2
-2
5
-8
19
-65
-43
-31
55
52
-25
0
-21
47
-154
84
1
-39
-12
37
-24
53
837
-6
269
162
92
-101
-41
-46
105
-462
-767
4
-14
3
-16
-41
94
-27
21
-38
-15
-9
-4
0
-20
-4
-4
16
1
-198
387
-50
-63
-27
44
69
11
-85
9
2
-8
5
-5
8
-20
-21
-21
-39
-8
-102
98
50
-7
38
-14
9
-204
47
1
-3
17
11
-7
17
317
824
57
67
41
-67
-107
119
82
-1153
-169
11
-24
35
-31
9
-9
-24
21
-37
-4
-29
18
26
-48
25
-9
0
89
-190
244
-159
179
20
-61
46
141
-111
0
3
9
-10
-6
4
25
-55
-61
-6
-7
-23
70
46
-26
12
2
42
-281
47
17
14
26
8
10
-11
-20
333
800
304
-29
-26
-78
-43
-822
-344
-12
-4
-13
7
-27
-12
-10
6
3
-6
-13
3
-15
22
18
-30
40
-81
218
-359
91
-47
62
17
22
60
230
-68
-1
-12
16
1
9
4
-17
-109
-24
16
-68
-81
-58
175
88
7
-71
-289
5
16
18
27
30
15
5
-6
-34
-16
117
578
335
-5
-334
-538
-71
-3
-4
-9
-4
-1
2
-4
-3
-3
1
-5
-8
-9
-3
-10
-5
8
12
-25
68
-73
41
-4
9
4
-14
47
345
-100
-22
-9
5
-3
23
-20
2
-52
31
-45
-13
-201
-18
97
51
13
-20
17
7
38
-39
-136
-46
23
-2
84
1
-24
0
-1
38
-100
22
23
10
8
-1
4
2
1
-21
13
3
2
6
3
1
13
17
75
-4
12
3
6
-113
103
-106
99
8
2
1
-8
236
-43
16
-9
-33
-20
-14
-12
35
-56
14
-23
-30
-42
12
6
-1
-10
10
-52
9
11
15
-16
18
0
-29
87
-7
15
21
-7
6
-28
-11
-1
3
-5
-1
6
-7
10
143
-48
-44
-7
-3
-32
14
76
-113
94
-14
21
-1
28
-11
-140
-87
161
5
17
-3
12
115
-79
7
-60
-30
47
-25
88
-1
-87
19
3
-27
214
9
-48
50
-63
22
-42
20
13
4
15
23
-31
-3
-40
39
-12
13
-13
7
18
8
29
-23
8
-3
1
4
3
156
-28
-61
-4
0
-15
-49
10
-26
30
-6
27
60
-29
-42
-226
-10
240
32
-41
-22
2
-70
-66
-25
-68
-9
2
20
88
-27
26
28
-41
-29
19
24
12
-16
5
2
-4
6
-12
12
13
-17
25
-9
42
40
6
17
11
-38
-45
-13
-18
-8
-7
16
-9
-1
347
-245
-104
-4
6
-23
15
-14
-1
24
92
-10
21
-4
-40
-93
-224
307
32
-44
6
-62
-19
74
-46
-6
25
-13
-9
-26
89
-41
-19
32
-100
16
129
-81
-82
-1
6
7
8
14
-3
6
-18
-6
15
-14
9
15
42
-12
-2
2
-23
24
-12
-4
-10
-1
11
-1
0
8
8
-18
6
3
0
-7
21
4
17
16
58
-114
-114
123
-229
131
26
26
-32
-97
-11
271
-43
-8
-19
1
10
4
25
-22
10
11
-55
13
-8
12
-15
8
-13
-3
9
2
6
12
-9
1
-6
-18
-8
12
-10
11
8
8
82
-46
-53
12
14
-4
13
-1
-3
-6
6
-26
-3
-2
-4
-9
6
-18
-8
-2
-2
-24
95
-34
-193
137
-34
-21
-25
-1
-20
253
-51
9
6
-14
-18
27
1
-10
-18
-10
72
-46
-31
1
-2
46
19
-73
74
-15
0
-9
-17
4
22
-11
28
2
7
-18
51
-36
-31
-4
-14
20
5
7
15
6
-6
-42
-26
31
-2
1
3
-18
-13
18
-20
-19
-9
20
-47
51
-155
112
-11
-49
-17
-77
-34
328
-32
-12
-23
5
21
-7
3
-20
-27
84
-19
-22
30
-27
-53
59
-24
47
-55
0
20
-22
27
14
3
0
-14
-42
10
-8
15
11
14
-15
15
-36
18
28
-15
25
-16
-64
20
-23
8
-8
-12
3
-36
22
-13
51
-25
-8
-51
68
-138
14
-18
-52
-11
-57
-50
394
-7
-9
-29
54
-20
-29
-24
20
32
-29
-30
26
-13
-6
24
77
-73
25
-17
2
-4
-27
-3
33
0
-2
6
-14
-15
7
-28
4
35
12
37
-13
-14
66
3
-49
23
64
-139
-22
-32
0
7
-14
-25
33
7
8
-9
12
-41
48
-135
9
-37
-44
-10
-65
-67
362
-160
-12
-4
1
26
-2
16
-10
-13
3
-26
-5
13
-25
-9
26
27
23
-20
-2
-22
35
-21
18
-5
-63
-4
-9
87
51
-4
48
-40
4
2
27
-50
-8
-7
24
-102
58
195
-75
-14
-8
20
-26
-19
16
7
35
-23
12
0
-20
-132
13
-44
-29
-73
-85
-21
443
-82
9
-14
-4
-3
-14
12
1
-6
14
43
-31
-9
28
-25
-2
-4
-12
17
-20
14
8
-14
-15
6
-10
-6
2
-22
-5
26
-25
1
26
13
-15
-18
-5
88
-124
79
-199
335
-84
-18
6
20
-29
16
-14
36
-30
-40
23
-46
44
-138
13
-10
-115
-36
-71
79
350
-77
-1
-16
28
-21
6
-10
0
-1
47
-19
8
-1
-18
-34
27
23
-31
44
-63
32
18
-2
-14
29
-4
-13
32
31
-28
-45
37
-40
59
61
-19
-26
29
-35
42
132
-41
-116
-63
-12
27
9
27
-33
-10
0
-30
9
7
-32
-25
-95
-4
-214
-12
45
-16
226
183
-77
-11
24
4
-28
17
-9
4
4
-29
22
0
28
-23
-37
29
24
-16
39
-59
36
0
8
-4
21
-29
0
12
13
-24
-2
4
12
71
3
-13
-66
-3
9
81
448
-426
-62
-40
-16
27
-5
-25
1
19
-2
-21
10
-24
3
-52
-91
0
-59
-84
-43
143
135
143
-110
3
7
-5
2
7
-8
-2
0
18
-23
4
4
15
-16
14
16
-6
18
-40
39
10
8
6
8
-35
-12
7
9
13
19
-30
-5
4
-15
60
-52
48
-51
68
498
-510
-26
-23
7
-6
-10
6
-7
21
-2
-17
-20
-10
-9
-55
-90
-23
2
-185
70
247
41
91
-93
-1
6
-10
10
9
-5
-8
27
-13
-10
6
16
-14
16
28
-15
-5
15
-49
53
-24
23
7
-1
-30
-4
10
-17
10
2
10
8
-22
-6
79
-65
-9
13
88
488
-500
-35
-46
1
19
1
38
-68
55
-36
-18
10
-7
-121
10
-103
-12
-51
-81
231
114
9
75
-95
3
-6
9
-10
3
9
-12
12
12
-16
7
3
15
17
13
-31
-15
47
-47
36
-9
-16
2
11
-9
0
-9
16
26
-28
4
1
8
-11
-6
12
-21
23
51
458
-440
-57
-20
1
40
-32
51
-15
-42
2
-30
-5
29
-69
-46
-104
-56
-67
114
211
-14
-37
117
-86
9
-15
4
7
-11
6
-2
13
9
-14
21
7
-19
46
-8
17
32
-16
-76
41
10
-32
-4
15
14
25
-22
9
-31
7
-8
20
-20
1
4
-4
-4
34
31
379
-303
-99
10
-55
27
-8
42
-47
3
-25
-1
-28
-24
-69
-40
-101
-42
-4
237
58
-17
5
101
-91
-1
0
1
-5
1
9
-4
2
-5
15
11
-2
25
29
-30
-3
0
30
-59
36
-25
20
15
-18
11
-30
13
4
24
-33
12
-9
15
26
-23
-19
15
-3
78
159
-160
-26
-30
-36
42
-31
14
0
-17
-36
0
-41
-19
-61
-59
-125
-16
173
122
25
0
-17
105
-90
1
3
-5
-12
56
-21
-18
10
11
-8
2
-16
20
6
32
-9
-3
4
-33
21
37
-8
-16
-13
27
-56
25
-13
-2
30
4
-17
37
-17
51
-27
-59
12
53
171
-86
-66
-59
-12
24
-1
-12
-11
-5
-34
-10
-42
-15
-84
-71
-125
97
203
28
70
-45
105
-16
-85
-2
5
-2
7
-22
40
-26
14
-8
2
1
9
4
-1
0
14
47
44
-97
6
30
-22
-2
-5
32
-45
3
-11
13
13
-6
3
-6
10
-1
-2
27
43
-9
244
-93
-191
-27
2
30
5
-29
-19
-18
-24
-11
-66
-31
-71
-73
-84
250
55
32
33
-22
9
97
-99
-2
17
9
-21
12
11
-20
13
-10
0
-2
-9
40
-1
6
9
58
-56
-8
18
-9
-20
-3
32
4
-35
10
-16
5
27
-24
12
-4
0
-11
26
17
3
35
174
-148
-68
-26
-1
25
22
-51
-14
-25
-40
0
-84
-40
-62
-111
144
135
80
-24
5
-20
-7
110
-91
7
24
2
-18
-7
46
-48
23
-22
4
-9
17
16
25
4
15
-17
-46
75
-11
-41
3
20
28
-26
-8
58
-40
-23
-17
-18
10
35
35
-12
-24
7
14
5
100
-230
105
-9
6
27
5
-57
18
-41
-55
-3
-63
-79
-104
29
200
50
-7
27
-8
-1
-7
101
-84
-3
-7
3
11
-1
14
-11
15
-8
-4
9
3
21
-14
6
17
15
-23
32
-12
-2
-24
1
20
4
5
-32
8
53
-34
-15
55
-57
40
-26
17
-11
9
41
71
-255
127
-18
-1
32
-12
-51
1
-36
-28
14
-112
-105
-57
214
127
-34
-10
1
5
1
-15
131
-31
-18
8
-9
16
-15
3
1
9
5
-12
-3
-6
41
12
-6
-11
10
16
-6
-5
-19
-9
24
6
-15
21
-31
-12
18
-2
49
-32
11
-5
-11
17
14
12
-22
26
-70
43
-12
-5
-17
14
-36
-5
-10
-33
-26
-85
-54
69
118
22
-5
47
-24
-38
8
-1
