142
-89
-1
2
2
3
1
-4
-3
3
0
7
-5
5
-4
15
5
-27
0
7
-4
-4
5
-5
2
0
0
1
0
0
1
0
4
-3
-1
14
-7
2
-7
-15
-2
3
10
3
1
-3
-3
-2
-2
4
1
-2
1
7
-1
6
4
-6
-13
6
-2
1
1
5
47
-133
1
1
3
8
3
-9
-3
5
0
5
-4
10
-9
18
5
-30
-2
8
-7
0
11
-10
-3
2
-5
5
-1
2
1
2
8
-8
0
24
-17
-6
-4
-18
2
1
25
-7
3
-8
-6
-2
4
7
-4
7
-12
13
3
9
-1
-3
-21
9
-3
1
0
6
124
-133
2
1
2
5
1
-4
-3
3
0
3
-1
2
-4
3
18
-24
-11
14
-4
-3
13
-16
0
-3
7
3
0
-1
-1
4
11
-10
5
3
4
-3
-17
-6
3
-5
30
2
-19
-5
-5
0
1
13
-12
12
-6
11
-4
10
12
-15
-18
8
-10
8
-1
0
131
-134
3
4
2
-2
3
-4
-2
1
1
2
0
2
0
12
10
-27
0
5
-9
-5
14
-12
-9
1
11
1
-4
1
5
1
-1
8
0
-1
-1
2
-6
-14
3
0
14
9
-16
-5
0
-4
5
13
-21
16
-10
15
-4
5
14
-13
-13
6
-11
2
11
-9
138
-135
3
5
-2
0
3
-6
-1
3
-1
4
-3
-1
3
16
7
-34
-4
14
-9
-3
17
-20
-6
5
8
3
-6
1
8
-2
0
1
6
-4
1
1
4
-21
6
-4
14
-20
20
-18
1
-6
6
19
-12
15
-14
5
-2
7
10
-7
-15
11
-16
1
15
-5
132
-131
5
10
-9
-3
3
-5
-1
2
-1
3
-1
-2
4
13
2
-19
-2
8
-15
1
13
-12
-12
7
5
-2
3
0
6
-1
0
3
-4
2
1
-1
0
-12
2
-3
44
-31
-1
-16
4
-9
5
23
1
4
-16
7
-5
9
9
-12
-18
20
-20
0
6
3
136
-129
9
9
-18
-1
1
-1
-1
-1
-1
2
3
1
3
14
-10
-11
1
6
-13
6
11
-17
-5
-1
9
0
-3
-1
5
1
1
-7
11
-6
6
0
-4
-13
3
7
80
-15
-58
-21
5
-4
0
25
-6
0
-9
13
-6
2
15
-13
-15
16
-21
-1
4
1
144
-130
-2
26
-27
-1
3
2
-3
-2
0
5
-2
8
1
14
-10
-20
-3
4
-5
6
2
-7
-3
1
3
16
-19
5
5
4
-9
2
4
-5
4
6
8
-17
-12
19
94
8
-107
-19
3
-2
8
10
-10
20
-11
15
-12
6
18
-18
-16
16
-21
-2
4
-5
147
-129
1
4
-7
2
0
-1
-2
0
-5
10
-4
6
1
15
-9
-26
2
8
-7
6
5
-10
5
2
7
5
-10
-3
3
0
-7
5
2
-2
2
9
-4
0
-20
20
95
16
-98
-32
0
-5
12
8
-19
25
-7
11
-7
8
7
-19
-12
21
-22
0
2
-1
143
-128
-2
1
-3
-1
0
-5
-5
0
-3
16
-7
17
-8
37
-30
-27
2
22
-14
8
-4
-7
3
2
-3
3
2
-6
3
-4
-2
5
5
6
-2
-3
-2
-2
-9
15
87
3
-58
-44
-2
-6
11
12
-9
9
-9
14
-9
14
-1
-5
-15
16
-22
-3
11
-5
140
-133
9
-5
-5
-6
-4
-1
-1
1
0
15
-7
10
-8
42
-31
-22
1
24
-11
-1
-7
-7
3
3
-2
-2
10
-3
-4
-3
2
3
1
1
-1
-1
5
0
-8
20
93
-14
-56
-40
-7
-1
5
10
4
4
-10
14
-7
15
4
-7
-17
9
-15
-6
12
-5
136
-120
18
-26
-4
-10
-1
5
5
-11
2
10
-8
8
-3
27
-22
-12
1
26
-27
8
-7
-5
-4
10
-5
0
4
-2
3
11
-15
6
-4
1
2
-3
5
9
-14
6
124
-30
-66
-40
-1
-3
13
11
6
-11
0
11
0
10
11
-7
-16
3
-10
-7
5
-2
136
-122
24
-35
-6
-3
-3
-3
28
-17
-2
8
-9
12
-10
23
-16
-11
3
24
-30
10
-6
-3
2
-5
-3
2
4
-5
8
41
-43
-3
2
0
-5
0
-1
5
1
-2
65
46
-91
-25
1
-4
14
11
0
-2
-9
19
0
7
8
5
-25
5
-12
-7
6
10
140
-118
1
-28
-9
-4
8
0
31
-27
1
5
-5
9
-17
31
-15
-11
17
6
-32
2
3
-6
-3
-2
4
6
-8
-4
13
25
-40
1
18
-18
3
-1
7
-8
3
22
30
60
-99
-17
0
-2
7
19
-3
-7
-4
8
8
5
11
2
-16
7
-26
4
-3
24
147
-108
-24
10
1
-12
3
12
-8
2
0
15
-11
-17
0
18
-7
0
1
-2
-15
-10
7
9
-1
-2
-3
2
-2
6
-9
1
-23
5
18
-11
6
-1
15
-21
3
3
30
66
-110
-18
-1
0
11
10
4
-4
-7
5
9
-4
11
15
-21
7
-22
-1
-3
26
132
-94
-19
-2
3
1
-11
1
-2
-4
4
4
-5
8
5
-9
-19
5
6
-3
0
8
7
-2
8
-2
-5
-2
-4
13
-2
-12
9
-2
-3
3
-3
1
3
0
2
7
27
1
-70
-19
0
1
13
7
-1
-7
-3
7
4
-2
15
11
-28
20
-12
-12
-6
20
150
-143
-6
3
1
-20
-5
3
3
-1
2
-1
1
0
6
-2
12
15
7
-15
-1
5
-14
-11
4
-2
5
-6
-8
-1
4
-3
4
-2
-5
1
-3
1
5
2
-1
8
31
9
-50
-5
-1
-4
18
-5
-4
5
-3
3
12
-8
18
2
-38
25
-2
-14
4
12
127
-140
-3
1
3
-5
-4
9
-1
-1
-1
0
-2
6
6
1
2
1
1
-8
2
3
-3
-6
3
2
3
-5
-1
-6
1
-4
0
-2
1
0
1
-1
-2
2
0
0
36
34
-69
-4
3
1
17
-13
3
-2
-4
0
16
-8
15
0
-27
20
1
-9
0
11
122
-145
0
2
5
-1
-1
4
1
2
-1
-1
8
1
1
3
4
-2
-1
1
-2
-2
1
1
3
-1
-4
1
-6
-2
-3
1
2
1
0
-2
-9
3
1
4
2
7
24
61
-103
-7
3
6
15
-21
9
-7
0
2
16
-13
21
-5
-20
19
7
-18
10
8
123
-143
-2
0
2
9
0
7
-3
-4
1
5
-2
-2
3
2
3
3
-7
4
0
4
-6
0
6
-6
-2
2
-3
-3
-4
-2
4
1
-5
0
-4
-6
3
10
-5
14
20
60
-105
-4
12
27
-21
-12
8
-5
2
-4
13
-4
9
4
-8
24
0
-22
9
5
114
-143
-1
3
3
5
3
-1
4
-2
-2
-2
4
2
3
1
4
2
1
-1
-6
-1
2
-3
-2
1
-3
4
6
2
0
-1
6
0
-4
4
-6
-10
1
1
-3
5
33
20
-76
-4
9
23
-18
-4
8
0
-2
-7
17
-14
19
3
34
24
4
-24
8
-4
78
-141
-2
1
4
2
0
0
1
2
-3
3
3
5
5
2
-1
3
-1
-7
1
12
1
9
-2
-2
-9
2
1
-2
1
-1
1
0
-6
2
-2
-6
-3
0
-9
5
40
-1
-57
-2
10
23
-18
-5
5
-6
3
-5
16
-15
22
-6
42
-12
5
25
34
-19
55
-143
-4
9
4
3
1
1
2
-1
4
0
2
9
2
3
15
-1
0
-6
-11
7
7
5
0
-9
-12
-3
0
-1
0
2
-5
-1
0
-4
-5
-1
1
6
-10
3
19
18
-56
2
0
72
-36
-25
2
-8
-7
-2
25
-10
16
-13
10
15
36
-21
5
3
87
-136
6
2
-4
5
3
3
4
-4
-1
6
1
-4
9
39
9
18
-2
-12
-27
-13
11
0
-3
1
-21
-1
0
-2
-9
-3
1
-3
3
-2
-14
-4
-2
-3
1
3
26
27
-54
-4
1
28
-8
-6
3
-7
0
-2
23
-12
16
-15
-7
19
5
-5
54
-31
94
-136
-8
-3
5
7
5
0
2
3
-7
3
-1
3
27
12
12
0
7
-14
9
-15
28
8
-9
3
-19
-7
-8
-3
-12
-1
-5
0
-3
-2
-14
3
-7
4
1
0
24
43
-78
-8
5
5
6
7
-6
0
-8
13
12
-8
19
-13
-23
20
2
-1
13
12
94
-132
-7
-1
1
8
10
-3
3
0
-4
2
-1
5
31
-6
11
-17
3
3
26
-5
-16
10
8
15
-31
-25
35
12
-14
-7
-10
-6
-5
-7
-4
-7
-7
6
4
-1
18
57
-97
-9
6
8
10
10
1
-13
-2
11
14
-8
7
-7
-32
11
10
-2
33
2
92
-134
5
7
3
2
6
3
4
-14
-2
-3
6
2
38
-1
-17
24
-7
-16
35
-12
-16
16
7
-16
17
-30
15
11
15
-4
-1
-22
-12
0
-1
-17
-15
-9
-5
9
24
39
-74
-11
12
1
9
7
8
-19
12
7
9
-8
18
-9
-43
15
2
0
14
18
103
-140
-2
3
3
5
-2
3
10
2
-23
6
13
2
29
26
-22
28
-16
-27
25
4
-19
10
-40
38
14
-20
12
14
18
7
8
-20
-27
-4
-7
-9
-10
-3
-7
1
30
-38
-19
-8
17
-7
15
2
-4
-11
20
3
9
-13
13
4
-45
10
4
-1
11
7
114
-136
6
9
7
1
1
-3
5
-3
9
8
14
7
18
-59
26
30
-19
-25
19
31
-25
-15
-49
83
-11
-10
16
17
21
-1
-8
-7
-20
-14
-22
-11
-11
-5
-12
0
32
-30
2
-1
15
-23
17
7
-5
-10
19
8
0
-10
10
9
-46
11
2
0
-6
15
139
-119
1
4
9
5
2
-36
5
27
3
-28
25
25
9
-39
6
35
-23
-23
21
24
-29
-9
-42
79
-10
-19
20
19
24
-11
-5
-5
1
7
-36
-32
-17
-9
-7
-6
31
-34
-1
20
2
-22
18
3
-6
4
11
6
0
-7
2
8
-41
6
4
14
-8
-2
166
-90
-3
-15
0
3
2
-7
-6
6
10
-2
3
16
-3
-45
34
27
-41
-15
27
12
-38
-4
-5
43
14
-44
20
26
3
-15
-15
-8
-3
9
24
-29
-33
-2
8
-15
18
-38
-12
66
41
-93
10
2
-1
2
4
8
7
-4
0
-2
-40
10
6
5
-6
0
151
-109
1
-9
-13
7
4
-6
0
7
-7
19
21
9
-2
-50
38
43
-47
-16
8
1
-12
11
-22
17
37
-35
37
19
-18
-15
-9
-9
-12
-4
12
20
-52
7
0
-9
31
-42
-15
125
44
-162
7
10
4
1
4
-3
17
-9
2
-3
-34
10
3
1
-3
3
126
-139
6
0
3
5
12
-10
-4
6
18
2
30
20
-10
-45
20
57
-59
-3
16
12
-33
-9
-2
19
-1
9
51
-14
-14
-19
-3
0
-4
-21
0
25
8
-12
-13
-6
17
-41
-9
107
49
-156
6
21
-4
-5
8
-4
13
-10
-7
14
-35
15
0
-5
4
4
121
-137
2
0
7
4
2
3
-1
-1
13
11
9
18
-9
-27
-4
12
17
0
-20
10
7
10
-3
-8
0
15
46
-29
-18
-14
6
-3
5
0
-30
6
28
-17
8
-19
3
-15
-27
98
51
-140
8
6
3
-3
9
-15
18
-15
-3
26
-46
31
0
-19
19
2
109
-143
-1
-1
4
6
3
7
11
-2
-2
8
14
12
-10
-17
4
11
13
-5
0
-11
8
14
-10
3
-16
15
57
-16
-25
-14
10
-15
2
27
-31
-17
20
-27
23
-19
6
-5
-31
48
42
-79
-2
14
10
-6
7
-8
6
-14
4
21
-35
29
-1
-23
26
-2
104
-142
-2
-4
7
6
11
3
2
1
2
8
14
22
-4
-23
-5
2
13
-28
39
-37
-4
14
9
25
-15
-2
62
-22
-29
-7
-6
8
-15
11
-6
-11
29
-21
0
-25
21
-7
-30
22
28
-34
-1
13
10
-16
15
-7
3
-8
11
45
-10
11
-28
-13
16
2
77
-144
1
1
-5
0
5
-2
0
20
9
14
16
13
-11
-18
-13
-3
23
-32
59
-16
26
13
-14
8
18
-9
-1
2
-32
-11
-14
14
-15
-1
-7
25
8
-6
3
-21
24
-12
-35
12
6
-3
16
14
5
-14
13
-9
11
-12
3
51
-47
10
6
-12
-4
-10
84
-138
6
6
3
-1
-1
3
15
6
4
6
9
28
-13
-32
7
-12
-7
-12
73
-12
-4
-5
-3
0
5
-2
-4
32
-17
-18
-6
0
0
-5
-16
52
-3
-3
4
-12
5
0
-11
10
4
4
8
6
8
0
2
-6
-1
-7
-30
64
-39
30
-47
3
1
-24
87
-131
-8
-1
0
-3
2
16
26
9
30
-23
-1
22
-22
-22
16
-1
-28
7
79
-9
-6
-4
-11
-7
2
8
10
5
-3
-16
-11
-5
0
-10
24
8
9
1
-6
-1
-1
0
-2
-6
0
1
11
-1
3
11
-2
-3
-10
31
-72
91
-19
17
-29
-3
2
-28
71
-122
3
-2
-3
3
8
21
7
1
-8
-3
32
30
6
-60
-23
-13
30
96
-7
-5
-3
-2
-9
-3
-3
6
9
6
-6
-25
-17
-8
8
20
6
-1
1
2
-3
-1
-1
0
1
0
-1
0
4
7
-1
1
1
-1
-2
10
-24
38
-22
-6
1
3
2
-19
34
-128
3
7
-5
0
1
2
26
-1
-21
27
5
63
3
-26
-13
-5
7
6
13
-11
20
19
5
-10
-2
-18
0
14
-2
7
-10
14
-11
-7
-2
-2
-3
-1
2
1
13
-7
-2
0
-1
-2
1
-10
-3
-30
4
-10
3
-5
54
7
-11
-45
1
-2
1
4
73
-115
-1
-5
1
-2
2
-4
11
1
-17
12
23
20
-6
-10
5
12
-1
18
-4
1
-3
1
-3
0
9
-30
-8
4
-10
10
-6
21
9
-10
-2
-5
-7
1
3
2
26
17
-27
-23
3
5
6
-14
45
-37
-14
-20
-2
6
4
50
14
-85
-5
1
0
-14
169
-109
4
12
8
-10
14
-13
4
-4
-54
1
22
7
-9
8
3
-3
10
40
3
-20
7
-2
-16
-33
19
-21
-5
1
2
9
-7
6
9
-15
-8
-1
-12
0
2
3
52
7
-30
0
8
-15
-12
-8
63
-37
-1
1
-8
-9
3
48
11
-75
11
-2
0
-14
142
-124
3
23
8
-8
16
-36
19
-6
-13
-7
-1
8
12
2
-17
-8
-1
7
8
-3
2
7
-11
1
1
-5
-6
-1
11
-9
5
-2
-4
0
0
2
-1
-2
4
23
-12
-5
-3
0
1
-7
-3
-1
17
-1
-2
3
-14
2
6
94
-65
-20
-2
6
3
5
95
-130
1
14
-6
-4
9
-4
20
-17
5
1
-15
1
9
-8
0
3
-4
1
0
-1
3
-2
2
4
-2
-5
0
-2
1
-3
7
16
-20
-4
3
5
-3
1
1
4
1
2
-6
-8
1
0
4
-4
2
3
11
-12
18
4
-11
74
-41
-13
-19
8
23
8
80
-122
-4
0
-2
1
6
-4
7
-2
6
0
-9
0
-1
-4
-4
3
3
3
1
0
-7
-1
7
-3
-4
-1
-4
8
-2
0
0
8
-4
-4
7
-4
0
-4
-2
-2
3
2
-5
-2
1
4
1
-4
1
10
-10
1
15
-4
-13
58
-36
9
-14
8
22
3
87
-131
4
1
2
-2
13
1
-3
-13
6
6
8
-6
0
-5
12
-6
-16
-1
11
2
-1
0
5
-2
9
-16
-1
2
4
-6
4
8
4
6
-8
-3
-11
7
5
-3
24
-11
-24
-1
1
15
4
-4
-11
-20
31
3
4
-5
-10
17
-2
13
9
3
14
22
39
-120
4
0
6
-9
10
-7
11
-27
9
14
-1
0
-8
-8
30
3
-21
-1
8
-2
2
2
8
-1
1
-1
9
-4
-3
-16
-10
3
6
-3
-3
8
-14
5
5
7
48
-42
-29
2
-1
7
17
2
-24
-17
30
4
3
9
-25
17
4
24
18
14
-1
25
30
-107
3
1
9
-7
-12
-1
-8
9
7
-6
3
5
0
-6
2
-3
-15
20
7
-11
5
-2
10
-5
-1
13
-10
-15
-2
-14
-6
-1
-5
11
26
5
-19
-1
-10
19
59
-60
-26
-1
0
3
-1
12
-17
-17
42
-4
-5
11
-19
12
14
21
24
16
-4
16
38
-100
8
1
6
-17
1
1
3
15
10
8
-3
-9
5
-8
-6
-3
-10
7
18
-2
4
8
-3
1
11
2
-1
-17
-9
0
-10
2
4
3
6
19
-5
-3
-3
38
14
-100
-35
-6
9
12
-21
20
-3
-30
35
13
0
17
-31
14
8
22
31
27
10
-8
7
-140
3
-6
19
-16
15
-13
0
8
18
-10
12
-9
7
7
-14
5
-10
10
9
-9
6
3
-10
-5
14
4
1
0
1
7
3
1
19
18
-4
8
-13
-5
8
18
63
-116
-25
-12
9
9
-14
14
-1
-25
16
28
-3
24
-33
19
-6
41
32
18
-1
-32
36
-136
3
-4
15
-20
15
-12
-3
6
27
-29
13
-6
8
11
-2
4
-16
2
17
-21
17
2
-16
-7
9
1
8
-13
4
11
-15
21
20
-7
-4
22
-15
-18
8
33
66
-103
-28
-3
7
14
-23
22
7
-10
6
14
-5
14
-12
23
3
76
7
-16
-10
-80
96
-140
5
5
12
-19
6
-7
5
8
10
-23
15
-2
13
7
-6
8
-22
1
15
-17
12
-5
-3
-4
8
-11
-1
3
6
0
-8
24
-1
13
-3
-4
-33
8
24
24
76
-111
-22
2
12
4
-26
46
-13
-5
6
15
-2
11
-5
19
9
19
28
12
-64
-53
126
-138
5
5
-1
-6
4
-3
-2
7
-1
-12
11
4
2
12
-13
13
-20
5
15
-15
5
-6
3
-6
9
-18
0
0
6
5
2
-5
-9
-1
41
-20
-18
5
41
8
86
-123
-20
-1
16
6
-26
35
-5
6
-1
13
-6
28
-13
21
10
22
41
-24
-110
1
132
-130
-2
1
4
-1
-3
-3
-1
6
-5
-9
6
8
-3
15
2
8
-26
0
19
-16
6
-10
6
-1
10
-12
-8
-4
1
1
0
4
-1
-3
30
-28
-5
11
34
13
82
-117
-20
1
18
-2
-12
45
-29
13
-5
17
2
12
-2
28
5
17
21
-91
-25
-5
132
-131
0
1
6
-2
-3
1
-3
12
-14
-7
0
10
1
14
10
-3
-27
4
15
-10
1
-7
1
-1
8
-10
1
4
-2
-6
-4
4
-3
-4
-4
3
1
10
24
25
82
-117
-14
0
14
3
-7
18
-13
12
-7
20
7
12
3
32
-1
17
-44
-67
3
0
129
-130
8
-6
1
3
2
-8
3
11
-7
-14
7
9
-7
11
0
10
-6
-10
9
-5
-1
-11
3
-2
5
-4
-2
2
-7
0
-7
2
0
1
-9
4
4
8
36
21
73
-115
-12
-3
18
-1
4
13
-16
13
0
16
16
12
2
33
-3
-3
-95
-21
13
0
132
-129
4
-3
0
4
-3
2
0
0
-2
-8
6
6
-2
14
-2
-1
2
-3
7
-6
-2
-17
2
-4
9
-3
2
0
-9
3
-4
-1
1
-2
-2
-1
0
13
35
25
64
-113
-12
0
17
-3
7
10
-12
13
-2
18
11
20
16
22
-5
-63
-60
-3
-5
0
150
-129
3
0
-4
1
1
3
1
6
-2
-9
2
1
1
8
9
-1
-1
2
-6
-2
-4
-16
5
1
6
-6
-3
-4
3
4
2
-6
3
-3
3
0
-6
4
35
21
70
-108
-16
1
19
-5
16
-2
-12
22
4
13
15
22
14
16
-34
-82
-21
-1
-5
7
146
-131
5
-2
-1
-1
4
0
5
2
-4
-5
5
0
-1
5
3
3
8
16
-19
-7
-2
-18
6
-2
10
-9
-2
-10
-2
9
1
-1
3
-1
3
1
2
-2
22
20
67
-103
-9
-1
25
-11
17
-2
-10
20
10
14
16
13
28
3
-95
-28
-10
-5
-6
8
148
-133
3
0
5
-2
0
6
-1
1
0
-9
2
1
3
6
2
-3
5
5
7
-5
-12
-14
4
1
13
-17
2
-10
-2
8
2
2
1
4
-6
0
-1
1
19
37
51
-101
-9
-1
24
-10
16
-8
0
26
10
17
17
15
13
-49
-66
-8
-11
-5
-3
4
153
-133
6
2
-2
-1
0
8
0
0
1
-10
5
0
4
7
4
0
-5
5
16
-5
-12
-17
1
8
-3
-4
10
-11
-12
6
6
4
1
-4
-4
-1
1
2
12
42
52
-105
-8
0
20
-6
20
-6
2
26
7
19
24
11
-23
-81
-16
-8
-2
-9
2
-3
158
-133
5
1
-1
0
-1
12
-6
3
6
-11
1
-2
9
3
2
6
6
0
3
2
-11
-18
-2
1
5
1
-6
-6
0
1
-2
1
2
5
-6
-2
-1
10
20
30
53
-108
-7
1
15
-4
38
-11
3
20
12
20
20
0
-84
-30
-4
-3
-4
-6
-1
7
184
-82
-1
2
0
-2
1
0
-2
8
3
-7
-2
-2
10
1
0
2
7
1
-4
6
-11
-10
2
2
-2
9
-8
-8
1
7
-6
1
2
7
-6
-1
-4
11
16
12
27
-61
-6
0
9
0
28
-4
-1
15
7
10
10
-24
-48
-6
-2
3
-5
0
1
3
