950
861
860
862
864
867
868
864
861
864
864
871
866
871
867
882
887
860
860
867
863
859
864
859
861
861
861
862
862
862
863
863
867
864
863
877
870
872
865
850
848
851
861
864
865
862
859
857
855
859
860
858
859
866
865
871
875
869
856
862
860
861
862
867
914
781
782
783
786
794
797
788
785
790
790
795
791
801
792
810
815
785
783
791
784
784
795
785
782
784
779
784
783
785
786
788
796
788
788
812
795
789
785
767
769
770
795
788
791
783
777
775
779
786
782
789
777
790
793
802
801
798
777
786
783
784
784
790
914
781
783
784
786
791
792
788
785
788
788
791
790
792
788
791
809
785
774
788
784
781
794
778
778
775
782
785
785
784
783
787
798
788
793
796
800
797
780
774
777
772
802
804
785
780
775
775
776
789
777
789
783
794
790
800
812
797
779
787
777
785
784
784
915
781
784
788
790
788
791
787
785
786
787
789
789
791
791
803
813
786
786
791
782
777
791
779
770
771
782
783
779
780
785
786
785
793
793
792
791
793
787
773
776
776
790
799
783
778
778
774
779
792
771
787
777
792
788
793
807
794
781
787
776
778
789
780
918
783
786
791
789
789
792
786
785
788
787
791
788
787
790
806
813
779
775
789
780
777
794
774
768
773
781
784
778
779
787
785
785
786
792
788
789
790
794
773
779
775
789
769
789
771
772
766
772
791
779
794
780
785
783
790
800
793
778
789
773
774
789
784
916
785
790
800
791
788
791
786
785
787
786
789
788
786
790
803
805
786
784
792
777
778
791
779
767
774
779
777
780
780
786
785
785
788
784
786
787
786
786
774
776
773
817
786
785
769
773
764
769
792
793
797
781
788
783
792
801
789
771
791
771
771
777
780
916
787
796
805
787
786
787
786
785
784
783
785
788
789
792
806
796
785
786
792
779
785
796
779
774
773
782
782
779
778
783
784
785
778
789
783
789
789
785
772
775
782
862
847
789
768
773
769
769
794
788
788
779
792
786
788
803
790
775
791
770
769
773
774
918
788
786
812
785
784
787
789
786
784
784
789
787
795
796
810
800
780
777
781
776
782
784
777
774
775
778
794
775
780
785
789
780
782
786
781
785
791
799
782
770
789
883
891
784
765
768
766
774
784
774
794
783
798
786
792
810
792
776
792
771
769
773
768
915
786
787
791
784
786
786
785
783
783
778
788
784
790
791
806
797
771
773
781
774
780
785
775
780
782
789
794
784
781
784
784
777
782
784
782
784
793
789
789
769
789
884
900
802
770
770
765
777
785
766
791
784
795
788
796
803
784
772
793
771
771
773
772
915
787
785
786
783
782
782
777
772
772
769
785
778
795
787
824
794
767
769
791
777
785
781
774
777
779
776
779
781
775
778
774
772
777
782
788
786
783
781
779
770
785
872
875
817
773
771
765
776
788
779
788
779
793
784
798
797
792
777
793
771
768
779
774
914
781
790
785
780
774
770
769
768
769
769
784
777
787
779
821
790
768
769
793
782
781
774
767
770
773
771
769
779
776
772
769
771
774
775
776
775
774
779
779
771
791
884
870
814
774
767
766
771
781
785
789
779
793
786
801
805
798
781
790
775
769
781
776
912
792
810
784
780
770
769
774
779
768
770
780
772
780
777
804
782
770
771
797
770
778
771
766
762
772
767
767
771
769
772
783
768
774
770
771
773
770
775
784
770
776
900
870
804
764
763
760
773
784
790
779
779
790
790
800
811
804
788
791
781
774
779
777
913
791
815
780
774
771
768
765
793
776
774
782
773
785
775
798
782
771
774
798
768
778
772
769
771
766
763
765
769
764
772
813
770
767
769
769
764
764
763
768
769
767
832
878
787
762
763
759
773
784
784
782
773
792
792
799
807
812
787
792
780
773
779
789
929
811
812
784
775
771
779
779
810
783
784
789
784
793
776
807
792
781
798
804
772
774
777
771
768
766
770
776
768
764
777
802
762
763
781
763
766
765
772
764
767
789
819
879
780
763
763
761
768
787
784
777
773
781
789
794
805
807
791
798
772
776
773
797
944
836
812
822
823
811
814
826
818
820
820
835
824
807
807
825
818
818
819
817
802
792
799
808
807
805
802
804
802
808
799
800
777
782
800
789
795
794
809
788
791
794
824
890
780
762
761
761
772
782
786
782
775
780
789
785
796
811
790
797
775
774
771
797
929
835
816
814
817
818
807
808
806
802
806
810
805
813
818
809
790
795
801
798
798
806
813
811
819
817
812
810
806
819
817
805
814
812
809
812
809
810
813
813
815
822
849
850
780
761
761
762
775
782
781
774
771
778
782
780
795
806
778
798
786
774
768
788
938
795
789
792
793
773
768
771
774
773
775
774
775
775
781
779
791
806
813
798
797
802
788
777
781
779
784
778
770
769
773
770
774
772
767
768
765
766
771
773
772
780
811
820
770
765
764
760
778
773
769
774
771
774
786
778
796
798
760
785
783
769
773
785
912
772
769
770
773
768
764
773
772
771
770
770
768
774
780
781
783
784
785
777
779
782
779
773
776
778
781
776
775
769
770
766
766
764
765
765
766
765
763
765
765
765
801
835
766
762
765
766
783
770
773
771
767
767
783
775
790
790
763
783
784
775
775
786
908
763
763
765
770
769
768
772
773
775
774
773
781
782
783
786
790
788
787
788
786
784
785
786
789
788
784
785
779
777
774
775
777
778
778
776
767
770
771
775
777
784
808
869
766
759
762
768
783
762
771
764
764
766
782
769
790
785
765
784
791
773
783
791
914
771
769
769
771
780
780
787
784
780
781
786
784
782
785
787
790
793
786
790
790
794
788
788
794
788
786
788
785
782
778
776
780
781
776
776
772
766
769
779
774
788
808
868
763
759
771
798
777
765
773
768
770
766
779
775
784
788
780
804
804
782
791
796
910
767
766
769
772
777
780
779
783
781
779
777
781
783
786
787
791
793
794
793
787
786
788
785
783
784
781
785
791
793
793
792
798
798
794
798
792
782
783
784
781
786
819
839
763
759
768
791
773
769
777
777
775
768
785
771
790
793
827
851
855
831
839
835
913
772
770
771
775
777
777
777
778
780
777
780
783
788
793
795
794
797
796
789
790
802
803
812
810
808
799
801
802
800
801
800
801
801
795
797
795
789
786
786
777
782
822
821
764
762
772
795
777
772
777
771
774
769
785
770
792
786
828
816
821
846
880
861
916
773
769
778
782
785
786
787
789
788
792
792
794
803
805
808
823
822
822
816
805
812
819
824
824
815
803
800
800
799
799
801
796
795
795
791
786
785
786
792
782
785
804
822
766
768
768
840
804
779
781
773
766
764
789
779
795
782
792
807
843
822
827
830
917
781
787
789
785
790
793
796
800
796
795
801
802
798
807
846
855
873
871
859
832
819
830
830
827
828
807
806
806
804
795
792
793
790
793
791
777
773
771
768
769
772
798
825
771
767
768
796
788
782
785
778
778
776
799
787
803
788
781
800
805
800
854
823
917
781
773
770
775
782
787
787
789
792
785
788
787
790
817
829
841
841
848
834
843
828
856
864
855
858
839
832
824
821
809
808
803
803
800
798
784
787
780
784
785
785
809
852
774
766
771
776
782
789
783
783
775
788
800
792
811
798
775
795
797
796
809
821
915
783
776
775
776
784
794
791
794
794
790
792
791
796
827
821
832
815
818
821
847
842
826
836
844
859
828
803
838
850
836
829
819
813
808
801
797
790
783
789
793
792
810
867
770
761
767
775
785
795
796
783
781
792
806
798
805
798
766
777
787
785
818
820
912
778
783
790
793
795
801
804
808
794
792
789
795
797
835
834
817
841
834
818
853
841
825
841
848
832
849
819
834
845
860
856
855
833
821
821
820
803
788
779
774
783
807
846
772
761
773
774
783
790
798
779
791
798
807
799
817
808
765
780
782
782
796
814
917
777
775
778
781
786
784
787
797
799
776
782
795
797
826
852
830
858
842
815
840
844
825
835
795
833
847
827
839
853
871
878
886
866
839
835
828
819
809
806
799
800
830
792
773
765
782
775
790
792
788
777
797
800
809
796
809
813
768
778
782
781
792
799
913
777
783
792
799
800
801
798
803
800
809
817
831
838
856
797
823
853
834
809
828
859
834
819
770
853
842
832
848
865
886
885
877
870
850
836
814
803
792
787
775
775
807
777
779
778
793
770
787
794
789
779
798
806
806
796
806
815
769
780
782
782
776
791
930
811
812
816
825
830
832
796
801
828
831
803
828
853
862
823
829
864
841
818
839
863
834
825
783
862
852
833
853
872
896
885
880
875
876
883
847
815
798
789
782
776
807
773
772
792
794
772
790
793
787
791
802
808
808
801
803
811
770
776
780
794
786
784
950
860
857
842
842
845
847
840
834
840
850
848
851
867
864
819
853
880
839
824
851
863
825
821
816
859
873
829
849
875
878
863
848
840
837
846
870
841
808
806
814
799
817
779
767
833
874
781
791
793
792
794
798
806
813
809
809
807
767
777
783
788
782
782
933
824
825
816
803
810
814
808
808
815
808
827
848
857
855
805
843
886
839
823
831
832
820
831
809
826
863
828
865
884
866
851
842
833
821
817
829
849
797
804
804
795
826
784
769
894
938
776
783
793
797
798
802
799
816
807
809
806
772
782
785
786
783
786
912
773
779
779
782
787
799
789
785
791
809
811
841
861
851
806
826
883
824
821
837
849
816
807
805
824
823
832
883
869
855
836
833
833
829
808
808
833
841
829
816
810
827
786
777
884
933
777
783
804
800
795
803
799
812
802
795
809
774
789
789
784
788
792
913
776
778
778
785
789
791
794
793
792
805
816
825
843
834
807
803
815
832
832
812
822
829
839
836
828
828
843
889
860
842
828
834
831
836
836
806
812
840
823
831
812
815
800
773
871
922
782
790
796
799
796
805
790
808
793
790
816
770
801
801
782
801
803
912
769
768
767
771
777
780
787
798
796
794
802
816
828
818
801
805
816
829
824
824
813
821
835
825
828
812
827
884
868
843
829
839
824
826
853
822
805
825
798
821
802
808
803
772
820
862
783
781
795
805
799
806
798
804
790
794
815
780
809
808
785
811
809
913
771
769
765
772
778
789
792
794
795
797
805
819
841
837
814
809
811
824
796
835
798
794
808
817
842
827
825
887
865
836
829
823
831
816
827
821
810
839
818
818
793
814
807
777
799
827
793
792
805
815
799
814
807
810
802
813
858
848
859
831
818
834
836
913
769
770
771
766
766
771
769
769
789
798
812
828
841
830
812
799
796
819
787
846
830
856
869
855
863
881
872
871
873
841
830
816
830
815
814
807
832
840
834
837
816
840
828
793
805
811
808
824
838
843
829
842
833
844
832
835
886
839
849
855
843
839
829
913
775
781
787
790
789
788
791
806
812
816
822
831
859
846
814
821
809
802
790
863
851
847
842
839
839
844
842
838
870
853
835
829
829
829
824
808
860
857
854
858
846
851
851
840
850
854
858
866
872
880
880
882
876
875
868
838
902
863
893
846
849
850
826
913
782
774
773
773
770
772
788
814
823
853
830
829
851
829
807
823
822
794
801
880
871
865
861
850
843
845
853
863
868
865
849
838
833
833
823
847
855
864
865
859
858
857
857
855
849
849
850
861
860
863
874
872
869
859
890
818
909
890
907
878
875
877
849
920
798
801
799
796
799
807
828
835
836
828
825
857
887
893
833
810
797
827
923
916
911
908
906
897
894
891
897
906
912
906
881
864
856
864
884
890
889
890
892
889
888
887
887
888
888
887
887
891
898
897
898
899
898
896
906
882
920
898
892
893
896
898
879
913
785
788
795
790
790
791
793
819
818
797
824
829
892
895
869
856
851
858
864
877
866
886
905
910
900
898
880
880
894
892
899
889
903
892
885
883
881
878
877
879
880
893
886
884
884
883
881
882
872
869
839
843
833
836
831
885
892
881
836
837
835
836
840
913
798
797
792
793
791
793
789
800
801
784
796
819
839
833
823
828
840
839
857
853
854
851
852
849
849
858
828
820
824
814
824
818
839
848
838
836
831
824
825
828
830
856
873
846
823
826
831
837
823
868
831
817
797
795
801
805
855
869
784
779
780
780
766
935
826
830
842
850
840
854
841
845
841
787
788
810
817
808
816
819
816
826
866
869
849
856
854
838
805
824
803
798
799
801
810
803
809
818
803
795
794
782
782
784
787
839
846
816
816
824
809
797
789
852
815
814
815
807
798
801
849
860
785
796
794
794
780
922
798
801
824
832
824
840
804
823
817
804
797
796
804
816
818
801
793
792
799
807
804
806
813
802
803
804
799
793
792
803
794
799
797
793
793
793
795
794
792
796
819
807
802
799
799
800
793
790
789
806
805
803
806
792
794
800
894
829
809
807
813
816
821
916
786
787
801
795
791
800
796
816
799
804
805
790
791
800
792
792
795
791
792
792
791
794
792
794
798
796
791
791
789
790
787
794
810
790
786
789
794
791
792
793
797
798
800
794
786
787
787
791
787
789
792
803
791
809
813
802
876
835
822
803
811
834
842
922
800
796
796
794
795
801
797
804
802
808
808
799
799
798
794
790
793
796
799
800
800
793
792
799
796
792
791
787
795
793
793
793
801
797
793
800
796
796
792
790
788
791
793
788
786
787
791
792
788
789
799
789
790
805
801
788
846
810
819
805
813
835
838
925
794
798
799
801
799
812
813
810
797
803
809
817
811
811
806
818
812
796
795
806
808
807
807
812
810
819
803
802
804
808
802
806
814
818
824
816
813
802
809
814
811
835
824
800
799
800
815
819
815
804
784
815
818
822
817
807
824
822
835
844
847
861
883
922
802
806
806
812
803
813
806
817
790
799
813
812
812
804
796
826
829
808
807
815
813
815
817
825
824
825
824
833
829
826
810
800
803
809
806
803
811
797
802
807
814
862
820
791
793
792
799
816
818
794
777
807
811
814
823
798
815
819
843
861
875
874
899
929
822
825
826
835
828
816
815
807
816
823
817
820
825
825
819
821
818
803
823
830
819
824
822
832
827
826
839
829
814
812
798
792
791
786
797
823
828
809
808
798
817
876
816
790
789
789
792
791
803
786
769
811
807
802
813
794
806
820
841
865
881
877
893
931
831
839
840
846
829
830
831
834
849
859
867
864
855
860
852
846
843
833
840
858
856
860
868
865
866
877
879
878
861
852
852
842
844
848
851
857
876
871
868
865
903
917
817
782
776
785
797
776
796
793
763
798
811
811
828
797
811
819
841
872
899
909
901
908
768
771
765
784
768
783
770
770
778
796
786
798
789
796
803
789
794
784
794
803
794
800
803
793
788
802
806
807
807
808
815
818
819
838
856
852
860
847
842
850
868
931
815
790
778
787
796
782
796
795
770
786
814
811
835
802
821
815
856
888
906
905
873
909
773
776
772
787
767
782
770
767
773
800
771
784
778
786
797
795
799
783
785
802
781
798
800
784
777
786
787
795
782
786
797
782
803
823
816
812
834
819
801
809
842
908
805
777
774
781
795
772
794
801
791
797
811
806
820
808
831
834
910
917
901
891
811
907
767
772
777
789
770
776
769
774
782
792
769
784
782
795
802
796
804
782
783
798
781
793
788
785
781
789
778
777
780
786
786
778
802
801
814
811
807
774
782
806
830
906
795
773
775
787
791
765
811
798
793
799
814
812
823
818
837
846
865
893
905
841
788
914
776
781
786
785
779
783
780
778
785
784
772
783
787
789
801
788
801
781
786
801
786
791
785
788
782
791
773
773
773
779
784
786
781
772
771
812
792
774
779
820
828
914
791
771
770
786
792
766
801
796
802
801
814
808
836
823
844
854
876
917
893
783
784
916
786
784
785
789
788
785
782
781
787
782
773
779
787
784
799
801
809
783
783
802
786
792
782
788
787
797
785
777
773
774
775
775
779
778
775
805
777
772
783
817
830
912
795
775
776
794
792
780
825
796
809
804
821
823
835
833
861
866
883
904
813
788
783
915
784
784
785
791
789
786
787
784
796
782
775
775
785
786
800
810
807
780
784
799
789
790
783
784
783
791
781
782
786
784
778
774
778
775
771
767
770
771
781
805
830
912
795
781
781
795
798
791
809
796
808
801
821
828
840
843
875
874
891
847
780
783
783
912
782
790
784
785
788
790
782
785
796
789
775
782
791
784
795
795
805
799
789
798
793
792
781
784
782
787
783
781
783
776
776
769
771
771
772
763
767
771
779
815
836
909
794
782
779
797
796
800
813
797
810
810
826
842
854
856
889
886
883
788
767
780
780
912
783
787
784
784
788
785
787
787
787
785
777
783
789
787
801
799
798
800
797
804
798
796
779
781
777
786
783
785
785
776
779
775
774
775
773
771
770
770
783
818
843
907
794
782
782
799
796
803
813
801
814
812
830
841
861
877
899
894
831
771
768
763
763
913
784
787
787
783
784
785
788
789
795
793
784
786
787
788
796
805
804
803
805
799
797
793
777
782
783
789
783
780
776
779
783
785
779
782
779
782
782
776
780
815
836
906
798
782
783
802
797
813
811
799
821
825
838
853
875
889
905
871
789
768
767
762
769
915
784
789
787
786
785
789
789
794
796
792
787
792
792
791
796
799
802
810
826
807
800
798
780
786
784
794
785
783
773
771
780
781
780
783
782
785
786
788
786
808
828
895
792
783
782
807
796
813
811
801
821
831
845
861
874
902
905
810
782
772
767
761
769
917
784
787
787
792
790
790
796
795
796
796
787
789
790
793
799
801
798
803
808
815
810
798
784
788
789
802
785
787
777
775
783
785
787
788
792
786
786
785
786
805
842
893
792
783
782
806
796
812
804
804
830
840
857
874
889
902
853
787
779
768
763
760
764
917
784
790
792
790
789
789
797
797
797
798
788
793
793
797
804
808
808
803
808
824
819
807
790
791
799
796
792
802
791
779
785
791
795
796
792
788
787
788
790
802
844
896
791
783
783
803
797
817
811
813
839
846
865
889
900
877
796
780
772
770
761
763
760
918
785
790
791
790
790
789
801
795
798
804
793
794
792
801
804
806
812
818
818
821
823
812
794
792
793
798
799
793
787
787
788
786
787
789
794
788
786
785
795
815
845
898
790
783
784
799
795
833
822
825
845
857
877
897
897
813
783
779
776
772
766
765
772
956
874
873
875
875
873
874
874
872
880
883
876
874
872
882
883
883
885
892
893
889
895
884
874
876
878
876
885
877
869
870
877
871
872
874
881
875
874
870
881
897
909
936
875
869
869
878
878
906
902
901
916
923
933
943
919
871
865
863
866
861
861
862
865
