-231
154
2
-6
-8
-8
-1
11
7
-4
-3
-7
5
-6
11
-31
-11
53
2
-14
12
5
-8
6
-1
2
-1
-6
1
-4
-3
4
-6
4
-1
-22
12
-1
16
24
3
4
-5
5
-21
-6
5
7
3
-11
1
3
0
-14
2
-14
-2
6
27
-17
2
-1
-1
-17
-79
228
0
-7
-5
-15
-7
19
7
-7
-3
-6
6
-10
21
-33
-13
55
2
-9
11
0
-19
19
1
0
11
-10
-1
-12
1
-1
-11
9
-4
-35
30
10
9
30
1
6
-28
30
-39
9
6
7
-4
-9
4
-11
16
-27
-5
-14
2
6
38
-16
0
-5
3
-18
-212
225
-2
-1
-2
-13
-1
12
4
-9
0
0
3
-10
16
-9
-35
51
24
-24
6
8
-27
33
-2
0
-5
-15
7
1
-5
-9
-16
19
-9
-5
-6
4
28
19
-4
11
-60
23
19
3
6
7
-11
-18
19
-18
6
-20
4
-14
-21
19
37
-11
8
-13
6
-6
-228
222
1
-8
-7
2
-8
13
3
-5
4
-4
2
-1
-4
-15
-14
55
-1
-11
16
8
-26
27
11
-5
-14
-8
11
-1
-21
0
11
-20
-3
2
2
-5
17
28
1
-1
-8
-5
7
3
1
7
-13
-18
31
-29
21
-28
10
-9
-25
14
33
-15
14
-9
-12
12
-242
226
-6
-4
3
-1
-9
11
4
-5
6
-7
5
0
-6
-24
-7
61
14
-38
24
6
-29
35
11
-12
-8
-9
8
0
-21
0
7
-6
-10
5
-3
0
-3
42
-16
13
-19
70
-58
13
-1
8
-4
-35
20
-23
24
-6
2
-16
-13
0
41
-28
24
-7
-26
13
-233
216
-10
-13
17
-2
0
11
-2
0
4
-6
2
10
-5
-25
-2
38
4
-18
34
-5
-23
25
17
-12
-9
2
0
-3
-17
5
-7
1
6
-4
1
-8
6
19
3
6
-100
91
6
11
-5
8
1
-38
-4
-11
25
-6
7
-12
-16
11
41
-40
37
-5
-6
-14
-239
220
-21
-14
28
-4
6
8
-2
5
4
-8
3
-5
0
-28
20
33
-3
-16
27
-14
-19
37
3
-1
-17
-6
16
-2
-11
-3
1
13
-22
10
-16
3
3
26
3
-17
-296
86
219
21
-14
15
-5
-40
9
0
11
-17
7
2
-33
19
39
-37
32
4
-12
1
-256
217
4
-41
45
-1
0
-1
0
6
1
-11
10
-9
-4
-32
27
42
1
-5
14
-14
0
10
2
-1
-12
-18
28
-6
-14
-5
17
1
-12
8
-10
-13
-9
32
28
-31
-313
34
294
27
-17
6
-11
-15
21
-41
20
-25
18
-6
-32
18
43
-40
41
-3
-1
8
-263
211
4
-8
13
-5
-1
5
7
5
6
-18
8
-10
1
-28
18
46
2
-17
15
-10
-1
15
-14
1
-18
-12
22
10
-12
0
16
-10
-5
1
-4
-15
10
1
40
-57
-283
15
272
50
-5
10
-20
-10
32
-43
10
-20
19
-18
-17
23
35
-44
40
6
-10
-4
-250
211
4
3
4
4
5
7
12
-2
5
-29
15
-20
8
-78
59
53
-2
-35
25
-13
5
15
-10
0
6
-5
-4
13
-10
10
4
-7
-14
-9
7
2
9
1
21
-51
-301
7
260
74
4
8
-19
-16
19
-22
15
-25
15
-18
-5
0
33
-30
36
7
-22
12
-251
225
-15
11
11
8
10
1
4
-2
-1
-19
7
-13
17
-81
54
43
-1
-49
30
2
18
7
-6
-2
3
1
-11
2
7
1
1
-2
-3
-7
5
2
-7
4
16
-47
-299
24
235
70
10
10
-10
-15
-14
-2
17
-29
15
-26
-6
-5
29
-13
35
6
-20
12
-244
209
-31
41
13
12
0
-4
-6
21
-3
-15
9
-13
7
-49
40
25
0
-55
54
-13
13
10
-1
-9
7
-1
-4
4
-2
-22
26
-7
5
-8
0
7
-6
-14
19
-11
-284
76
163
63
6
8
-22
-16
-15
16
3
-21
-1
-16
-23
-4
30
-5
29
12
-14
3
-235
204
-39
59
12
7
9
0
-42
29
13
-21
18
-24
16
-45
33
30
-9
-48
56
-14
9
7
0
2
3
2
-6
6
-12
-80
89
0
-4
2
7
6
1
-12
-3
7
-133
-91
179
47
6
9
-28
-21
2
2
13
-27
-3
-10
-23
-30
48
-1
25
13
-9
-18
-247
199
-7
59
15
7
-12
2
-60
56
-2
-8
8
-20
32
-62
36
26
-32
-21
66
-2
-5
14
1
4
-2
-10
8
6
-17
-48
76
-10
-23
26
-3
3
-13
10
1
-37
-66
-129
199
33
5
2
-14
-26
0
14
7
-16
-14
-3
-27
-28
34
-10
51
-2
-2
-39
-285
148
112
-19
1
19
-5
-22
16
1
-1
-24
17
32
-3
-32
14
-8
0
5
10
39
-10
-17
5
-3
5
0
3
-11
22
-2
33
-8
-28
20
-12
2
-26
41
-7
-1
-69
-131
213
34
8
3
-25
-13
-12
14
10
-6
-25
10
-19
-46
39
-14
42
6
8
-49
-256
143
71
-1
4
-5
24
5
1
16
-10
-14
6
-20
-5
40
54
-48
8
24
-5
-37
-16
3
-12
0
14
-1
14
-31
9
28
-23
-2
9
-6
5
-2
-11
8
-11
-19
-55
-1
134
47
2
0
-33
-6
2
11
6
-11
-18
15
-34
-37
62
-40
24
20
15
-33
-274
247
16
-11
10
32
11
-1
-6
7
-6
-4
0
3
-4
1
-26
-41
7
46
1
-24
33
8
-1
2
-10
11
16
3
-7
-1
1
1
8
-2
-2
8
-9
-4
-7
-9
-62
-24
96
13
12
2
-32
9
8
-10
10
-5
-33
14
-31
-30
93
-58
4
33
-3
-23
-223
237
4
0
1
4
3
-9
2
5
2
-2
1
-9
0
-10
-5
3
0
15
-3
-1
2
9
-5
-4
-6
8
2
13
1
3
0
-1
3
0
-3
6
-1
-3
-5
3
-65
-61
124
12
-5
1
-34
27
-4
9
5
-6
-35
17
-30
-15
63
-44
3
18
-5
-12
-223
241
2
1
-3
0
2
0
-4
-2
1
-6
-12
-5
0
-6
-3
4
2
5
1
5
2
-3
-3
-1
8
1
3
10
-1
4
-5
4
2
1
7
2
-3
-14
-4
-10
-45
-119
199
19
3
-13
-31
35
-11
14
-1
-7
-40
28
-35
-9
51
-47
-3
30
-20
-8
-222
237
2
8
1
-13
0
-11
1
10
-2
-8
1
1
-7
-5
2
-3
11
-5
-1
1
9
-5
-11
13
1
-3
7
8
4
2
-1
1
8
0
3
9
-4
-17
10
-30
-43
-125
220
12
-19
-57
43
19
-10
11
-5
2
-34
18
-14
-28
17
-50
3
41
-13
-6
-205
239
4
-1
-5
-8
0
-2
0
0
4
1
-5
-6
-2
0
-8
-1
0
-1
14
0
-5
4
4
-1
2
-7
-11
-1
3
1
-7
1
8
-9
7
21
-2
1
8
-15
-70
-33
149
11
-13
-48
36
11
-11
0
-3
11
-35
32
-39
-22
-83
-56
-2
47
-6
21
-122
234
4
-2
-7
-5
5
1
3
-2
7
-9
-7
-6
-8
-2
-4
-8
9
10
-6
-19
-2
-12
1
6
7
-2
-2
7
-2
-1
2
4
8
0
6
11
2
6
17
-14
-80
9
108
4
-10
-33
21
14
-9
8
0
6
-34
26
-42
-4
-95
44
-10
-72
-71
44
-58
234
6
-7
-4
-9
0
1
-3
4
-3
-6
-5
-14
-7
-7
-28
-3
0
17
13
-9
-2
-11
-6
11
23
4
0
4
2
-4
11
5
-2
12
8
6
-5
-9
17
-2
-41
-44
122
-7
4
-147
79
55
2
13
5
3
-48
21
-31
9
-5
-27
-80
40
-7
-7
-147
229
-6
-2
7
-10
-6
-3
-6
10
-2
-9
-2
1
-25
-86
-20
-34
8
18
61
37
-18
1
1
1
35
0
4
4
16
1
1
5
-1
7
22
15
-1
8
5
-6
-51
-48
101
5
8
-52
3
20
1
15
-4
1
-39
19
-32
10
26
-33
-12
-2
-109
74
-160
225
14
3
-7
-10
-6
5
-4
-2
11
-8
1
-8
-61
-25
-16
0
-9
6
-19
49
-59
-20
17
-7
22
28
18
13
17
2
9
2
9
11
20
0
13
-6
3
-1
-45
-78
148
15
2
-8
-25
-6
12
5
9
-21
-27
8
-26
-2
62
-35
9
-8
-27
-19
-170
218
13
2
-2
-11
-9
4
-6
4
7
-4
3
-20
-65
12
-13
31
-12
-17
-55
29
27
-27
-14
-30
46
58
-70
-20
30
18
19
15
8
8
9
21
17
-12
-6
4
-32
-113
196
7
9
-15
-18
-26
4
24
-1
-20
-30
12
-9
-3
77
-21
-15
7
-63
-6
-167
224
-1
-8
-7
-1
-8
-4
-12
26
2
4
-12
-8
-81
-19
57
-41
11
17
-72
27
40
-31
-33
33
-33
48
-17
-22
-26
20
3
37
22
-3
7
36
29
24
10
-14
-49
-80
160
15
-16
-4
-9
-17
-11
29
-20
-26
-11
15
-31
-7
101
-22
-3
3
-28
-38
-181
234
5
0
-9
-2
4
-9
-15
-5
44
-11
-25
-14
-65
-58
57
-38
15
44
-54
3
38
-22
69
-69
-35
30
-21
-30
-26
-1
-13
31
45
12
10
28
21
8
20
4
-62
82
37
9
-25
15
-26
-10
13
20
-43
-7
-15
20
-27
-27
112
-20
1
-4
-20
-18
-203
225
-4
-9
-15
-4
5
6
-12
5
-6
-17
-18
-19
-41
88
-53
-38
28
42
-53
-45
54
17
101
-175
9
24
-31
-27
-38
8
16
16
41
23
34
23
36
17
21
7
-65
65
4
1
-25
43
-29
-22
12
23
-39
-20
1
20
-21
-34
116
-33
0
-5
19
-25
-253
199
4
2
-9
-10
-3
48
-4
-47
-4
53
-52
-49
-19
55
-15
-45
32
40
-53
-32
59
9
97
-181
-2
40
-30
-33
-52
3
-19
4
20
25
78
61
39
23
21
14
-67
83
0
-36
-2
48
-41
-6
9
-7
-24
-13
-5
19
4
-48
109
-24
-6
-18
24
2
-297
148
3
23
9
-5
-10
9
12
-6
-15
4
-3
-32
-5
64
-73
-32
73
30
-65
-16
87
4
40
-139
-42
93
-35
-79
-75
-15
-3
-1
5
29
80
88
77
5
-10
25
-34
86
31
-138
-86
194
-23
-5
5
-11
-3
-17
-20
10
6
-19
100
-28
-7
-1
15
-5
-270
172
2
18
23
-5
-10
2
1
-7
7
-32
-34
-10
-8
80
-89
-96
115
38
-29
6
24
-22
78
-66
-94
75
-100
-113
-13
7
6
-6
-9
7
21
131
153
-25
3
29
-56
92
31
-239
-85
314
-22
-24
-12
5
-2
-3
-32
20
-4
-11
84
-28
1
3
8
-8
-226
234
-6
-1
-6
-9
-24
22
7
-9
-35
-3
-49
-31
5
67
-49
-132
143
10
-41
-10
66
19
-4
-32
-7
-26
-164
-72
9
11
2
3
6
-20
1
63
146
36
30
13
-28
87
29
-204
-98
297
-18
-40
2
12
-10
4
-27
22
13
-47
88
-39
14
11
-9
-10
-217
231
-1
-2
-10
-4
-4
-9
9
0
-23
-18
-24
-42
8
54
8
-21
-28
-4
22
2
-6
-14
4
13
-3
-56
-200
-9
1
0
15
5
7
-9
-18
17
198
55
-6
34
-5
32
55
-182
-97
267
-22
-14
-9
6
-8
21
-37
31
4
-67
101
-56
1
35
-30
-7
-189
241
9
-2
-5
-7
-9
-10
-13
6
-2
-18
-28
-35
9
41
-8
-13
-29
5
-10
40
-9
-20
14
-13
24
-69
-225
9
-2
-5
27
-17
2
18
-23
2
226
83
-38
44
-19
17
65
-93
-81
151
0
-28
-17
10
-11
11
-12
29
-12
-57
82
-59
11
41
-52
11
-178
230
3
9
-3
-9
-16
-5
-4
1
-8
-15
-25
-49
0
47
10
-10
-25
59
-100
89
9
-28
-5
-44
18
-26
-250
15
-26
14
17
3
1
5
-22
21
218
57
4
47
-41
8
71
-45
-62
76
-5
-30
-16
27
-26
7
-2
15
-17
-113
29
-18
50
26
-29
6
-118
230
5
-1
3
4
-1
-2
2
-29
-15
-37
-40
-35
26
49
19
5
-41
65
-142
48
-44
-30
23
-8
-39
19
-156
-25
-8
-9
3
11
13
4
-7
72
176
6
-4
43
-42
12
80
-28
-19
6
-23
-31
-10
23
-25
12
-18
21
0
-122
105
-12
-8
29
8
10
-119
224
-6
-12
-2
2
1
-1
-23
-22
-15
-17
-16
-69
37
69
-10
20
14
28
-176
29
8
11
9
1
-10
12
-54
-194
1
2
1
15
5
-1
15
160
19
2
-4
25
-6
-1
13
-20
-3
-11
-18
-14
-16
-1
0
7
6
14
65
-130
83
-45
75
1
-8
55
-124
214
13
2
5
4
-8
-20
-45
-26
-61
36
-8
-35
47
49
-32
8
49
-14
-192
25
13
8
26
10
8
-15
-21
-73
-114
-35
8
9
14
29
128
75
-20
-4
7
-1
-1
-6
2
8
1
-4
-22
3
-10
-20
2
12
20
-55
140
-182
26
-25
43
11
4
58
-81
200
-10
9
13
-12
-14
-30
-11
-25
3
15
-77
-61
-26
140
51
28
-61
-191
-14
8
4
13
17
7
4
-5
-23
-8
-6
-36
-15
12
32
47
15
2
-5
-5
1
2
3
-3
-2
-1
-1
-1
-6
-12
2
-2
-5
5
6
-10
29
-59
39
4
6
-1
-10
41
3
210
-14
-13
16
-1
-1
-2
-43
-15
43
-51
-18
-153
-10
69
34
11
-21
-12
-29
33
-54
-32
-9
7
3
47
5
-27
4
-11
22
-37
13
12
3
7
2
-2
4
-1
-20
14
2
3
3
0
-2
18
10
66
-5
17
-1
8
-117
-20
42
81
1
4
1
-12
-85
211
-3
6
-10
1
-6
5
-11
-15
32
-27
-36
-64
19
17
-9
-17
1
-40
6
2
8
0
1
4
-17
64
17
1
15
-15
6
-37
-19
17
-1
9
11
-8
-1
-2
-83
-9
61
53
-12
-15
-5
10
-82
94
25
49
-2
-10
-11
-102
-29
162
5
8
6
22
-282
177
-4
-44
-5
26
-32
31
0
-4
102
2
-51
-16
23
-17
-11
7
-10
-59
-13
54
-15
4
-4
60
-36
48
6
6
0
-24
12
-16
-25
39
23
-3
39
-12
0
-3
-127
-24
109
4
-21
16
7
20
-128
73
1
-3
0
22
13
-105
1
153
-40
7
7
30
-250
209
-7
-53
-12
14
-22
89
-47
11
25
12
3
-38
-23
-1
32
19
6
-3
-14
11
-10
-11
5
0
-8
15
15
0
-18
12
-12
17
7
-2
-2
-4
6
8
-11
-125
69
41
14
5
-5
10
9
2
-43
-14
1
-7
29
7
1
-200
130
40
13
-12
-24
-11
-135
224
-3
-21
14
6
-20
23
-50
36
-11
-11
27
-5
-20
14
5
-6
7
-4
4
4
-8
7
-11
-5
4
13
1
10
-1
5
-16
-39
43
14
-7
-9
3
7
-1
-9
-4
-9
16
10
3
-4
-3
3
2
-7
-33
26
-44
-28
45
-158
75
29
47
-20
-64
-17
-90
209
9
1
5
2
-10
13
-19
2
-9
-11
20
-14
10
14
7
-4
-5
-4
-3
-1
16
1
-10
0
7
1
9
-22
10
3
-3
-26
16
10
-12
6
5
15
3
4
-3
-5
3
3
1
-10
-7
8
-4
-27
19
0
-38
15
26
-142
80
-17
23
-22
-38
-14
-98
219
2
-5
-4
5
-18
-3
9
18
-11
-11
-9
2
5
10
-19
13
22
8
-21
-6
0
-2
-11
6
-20
25
9
-3
-13
10
-9
-12
-8
-11
22
6
18
-9
-9
4
-45
17
49
-1
-10
-28
-6
-5
23
45
-65
-5
-3
-2
28
-53
12
-20
-17
-20
-34
-37
-18
206
1
-5
-11
20
-19
10
-20
48
-5
-30
4
2
18
4
-51
-5
43
-9
-13
6
2
-15
-15
7
-5
1
-21
6
7
35
11
-7
-13
14
6
-20
32
-6
-8
-16
-120
94
63
2
-4
-15
-33
-16
52
32
-52
-14
-2
-27
53
-58
-2
-48
-37
-22
-18
-43
12
190
-4
-3
-14
13
19
-3
15
-12
-9
4
-4
-10
1
13
3
2
21
-35
-10
14
-7
2
-19
8
-3
-25
22
24
8
23
18
-2
10
-21
-44
-3
28
12
18
-41
-164
152
57
2
-9
-5
-3
-26
40
33
-83
7
19
-31
32
-42
-24
-47
-43
-25
-16
-39
-3
154
-11
4
-14
21
1
5
-10
-17
-16
-17
7
4
-12
11
15
5
14
-3
-29
-2
-3
-12
4
2
-34
-7
14
45
12
5
22
-9
-8
-10
-11
-45
17
2
8
-86
-47
239
71
11
-18
-34
41
-44
9
63
-62
-26
-7
-32
52
-53
-15
-41
-55
-45
-37
-3
65
235
1
-1
-30
29
-24
21
6
-17
-26
25
-27
15
-9
-17
32
-11
9
-7
-29
24
-11
-7
12
13
-30
-5
-3
4
-3
-9
-3
-3
-48
-13
6
-25
30
15
-28
-44
-143
264
49
21
-21
-19
27
-33
3
52
-34
-55
8
-52
61
-64
9
-64
-69
-31
-19
60
2
236
-13
6
-24
35
-21
19
-1
-8
-36
51
-17
11
-21
-23
8
-7
25
1
-41
46
-29
2
23
21
-21
3
-14
24
-10
-28
34
-51
-35
31
2
-49
31
41
-4
-117
-176
278
64
-1
-15
-29
43
-39
-17
19
-15
-29
9
-26
10
-63
-3
-138
-18
13
5
186
-137
237
-14
2
-20
30
-4
7
-2
-20
-13
41
-24
10
-34
-16
12
-11
45
2
-37
33
-15
16
-7
20
-23
21
8
-7
-12
0
18
-53
3
-17
7
1
59
-4
-43
-200
-93
297
46
0
-27
-12
48
-97
29
18
-19
-27
3
-24
-9
-57
-6
-44
-55
-32
134
122
-198
223
-3
-5
2
10
-4
5
4
-15
2
20
-15
-6
-2
-23
25
-21
40
-4
-39
37
-16
20
-7
11
-19
30
4
-5
0
-11
-7
7
11
7
-71
33
30
-4
-77
-161
-90
303
40
2
-34
-10
43
-69
10
-9
4
-31
8
-55
10
-59
-21
-32
-78
45
224
3
-214
217
5
0
-11
6
15
0
-3
-15
15
17
-9
-5
-2
-28
1
-15
47
1
-37
35
-16
22
-11
3
-22
27
15
6
-2
2
-5
0
1
0
-53
51
6
-14
-61
-191
-75
299
36
0
-37
4
21
-93
55
-23
11
-37
-2
-40
-1
-72
-10
-33
-43
198
56
15
-218
218
3
-1
-13
4
8
5
-1
-22
28
13
-1
-11
-13
-20
-12
4
48
-8
-28
26
-6
17
0
2
-25
25
-3
-3
5
12
4
-7
5
6
4
-2
-6
-14
-39
-173
-116
299
34
-5
-29
-8
14
-43
26
-24
7
-37
-13
-31
-19
-73
-8
-38
94
162
-5
1
-217
224
-11
5
1
-5
-7
16
0
-18
12
23
-3
-19
10
-26
5
-12
15
9
-13
16
-4
23
-2
1
-14
12
4
-5
14
-2
12
-4
3
0
10
-4
-1
-17
-62
-159
-108
298
28
-4
-32
-4
-8
-32
34
-26
-2
-34
-29
-32
-18
-73
-11
8
214
42
-21
1
-215
223
-11
5
6
-10
0
4
1
1
2
19
-3
-20
9
-26
2
-1
-4
10
-16
18
0
34
-2
6
-17
4
2
0
16
-7
10
-5
-3
5
12
-4
3
-20
-63
-101
-154
292
28
-4
-39
2
-18
-21
22
-31
4
-41
-22
-42
-37
-65
-1
148
130
-9
22
4
-247
218
-8
4
7
-4
6
-3
-7
-6
4
17
-3
-7
4
-18
-8
1
-6
0
17
-1
15
22
-5
4
-18
9
6
6
-4
-6
-8
19
-7
6
-8
-3
17
-9
-64
-88
-168
294
23
-3
-42
10
-35
1
16
-38
-10
-36
-24
-47
-40
-59
71
191
34
-13
35
-5
-246
216
-6
7
5
-3
-7
4
-11
2
2
11
-6
2
1
-13
-6
-4
-13
-27
34
15
5
34
-9
1
-19
22
2
14
9
-14
-4
-3
-2
5
-12
-3
5
-3
-39
-106
-157
293
18
-2
-52
20
-35
-1
9
-38
-21
-30
-37
-34
-50
-28
200
67
25
6
12
-8
-246
222
-7
5
-10
1
9
-15
1
-1
2
18
-4
-3
-4
-8
-6
10
-5
-27
-5
8
24
34
-9
-2
-30
41
-7
21
7
-19
-5
-6
0
-11
11
1
8
-6
-33
-144
-106
276
18
-3
-50
8
-27
9
2
-57
-22
-35
-40
-37
-44
114
137
23
18
10
6
-9
-248
225
-8
1
1
3
3
-17
0
-1
-2
19
-10
0
-6
-9
-7
-2
7
-18
-24
14
20
36
5
-21
0
19
-23
23
21
-12
-12
-12
-7
17
8
4
1
-4
-28
-104
-116
245
13
-4
-43
11
-46
10
-8
-57
-11
-39
-48
-46
40
179
41
9
19
8
-5
3
-257
225
-8
4
-1
3
-3
-24
23
-18
-1
21
-1
6
-23
-2
-6
-8
-5
-8
-7
2
15
37
6
-5
-6
3
10
9
-6
5
4
-8
-5
-7
11
4
8
-23
-41
-66
-118
240
11
-8
-34
5
-71
8
-7
-46
-21
-46
-48
-16
184
74
10
9
-1
14
-2
-9
-305
141
-2
0
3
0
3
-1
2
-13
-5
14
1
1
-15
-5
1
0
-7
-8
8
-10
18
19
-3
-4
6
-13
13
12
-2
-10
5
0
-4
-20
17
6
5
-17
-36
-44
-71
165
6
-1
-18
-7
-53
4
-2
-30
-20
-29
-27
53
112
12
5
-4
6
-4
4
-6
