1152
1306
1308
1302
1294
1286
1285
1296
1303
1299
1296
1289
1294
1288
1299
1268
1257
1310
1312
1298
1310
1315
1307
1313
1312
1314
1313
1307
1308
1304
1301
1305
1299
1303
1302
1280
1292
1291
1307
1331
1334
1338
1333
1338
1317
1311
1316
1323
1326
1315
1316
1319
1319
1305
1307
1293
1291
1297
1324
1307
1309
1308
1307
1290
1211
1439
1439
1432
1427
1412
1405
1424
1431
1424
1421
1415
1421
1411
1432
1399
1386
1441
1443
1434
1445
1445
1426
1445
1446
1446
1457
1447
1446
1434
1435
1434
1423
1432
1428
1393
1423
1433
1442
1472
1473
1479
1451
1481
1442
1451
1457
1464
1460
1451
1455
1444
1460
1433
1428
1414
1416
1422
1460
1444
1444
1439
1442
1424
1212
1437
1435
1434
1432
1419
1418
1430
1434
1425
1425
1425
1428
1418
1434
1425
1390
1441
1465
1441
1447
1455
1428
1461
1459
1459
1454
1439
1446
1447
1442
1433
1417
1436
1427
1422
1416
1420
1448
1467
1463
1474
1414
1437
1456
1459
1465
1472
1461
1443
1462
1444
1450
1430
1434
1420
1399
1418
1455
1444
1452
1439
1445
1439
1211
1433
1434
1426
1419
1421
1413
1426
1429
1424
1428
1424
1426
1425
1421
1406
1392
1447
1446
1435
1451
1459
1433
1460
1471
1466
1452
1444
1455
1454
1433
1433
1444
1424
1421
1423
1425
1420
1437
1465
1466
1465
1457
1452
1459
1462
1463
1470
1457
1439
1470
1441
1462
1434
1444
1435
1410
1424
1457
1442
1456
1447
1435
1447
1205
1431
1425
1421
1424
1423
1414
1425
1429
1424
1430
1423
1428
1428
1422
1398
1391
1452
1466
1428
1452
1458
1429
1464
1475
1463
1455
1446
1454
1454
1433
1433
1440
1434
1424
1429
1426
1426
1423
1465
1449
1462
1443
1513
1455
1468
1467
1475
1471
1436
1456
1433
1457
1451
1453
1437
1424
1424
1465
1437
1461
1454
1428
1441
1208
1424
1414
1401
1418
1416
1416
1427
1425
1425
1429
1423
1425
1435
1430
1405
1403
1441
1445
1427
1461
1456
1433
1458
1475
1463
1454
1456
1456
1453
1436
1441
1434
1435
1441
1437
1438
1430
1436
1455
1458
1464
1364
1455
1461
1472
1467
1475
1476
1438
1434
1423
1448
1442
1449
1437
1421
1432
1473
1433
1470
1465
1459
1445
1206
1426
1405
1391
1419
1415
1421
1429
1427
1432
1436
1428
1431
1426
1426
1398
1418
1451
1448
1432
1459
1445
1426
1463
1466
1465
1448
1442
1458
1456
1445
1442
1443
1456
1434
1444
1428
1431
1434
1460
1463
1446
1150
1236
1455
1476
1462
1477
1472
1432
1441
1441
1452
1435
1442
1444
1411
1430
1469
1432
1464
1468
1456
1457
1201
1418
1422
1381
1426
1425
1425
1424
1424
1430
1431
1420
1430
1421
1417
1385
1412
1454
1455
1450
1464
1450
1450
1460
1462
1461
1449
1431
1459
1453
1439
1434
1451
1452
1440
1448
1438
1425
1416
1448
1476
1445
1132
1166
1460
1487
1470
1476
1465
1450
1471
1430
1450
1425
1443
1437
1405
1423
1466
1426
1467
1464
1463
1471
1208
1419
1423
1415
1428
1423
1422
1427
1434
1439
1445
1427
1435
1425
1426
1398
1416
1462
1464
1447
1462
1452
1451
1466
1452
1453
1435
1423
1445
1455
1443
1443
1459
1449
1444
1445
1441
1426
1436
1437
1477
1420
1137
1152
1424
1474
1469
1479
1459
1449
1481
1438
1448
1428
1447
1429
1412
1435
1470
1426
1466
1472
1462
1458
1208
1419
1423
1426
1430
1434
1439
1446
1458
1456
1461
1432
1447
1427
1435
1357
1416
1469
1467
1432
1457
1444
1449
1464
1454
1454
1460
1455
1451
1464
1454
1464
1468
1461
1447
1438
1445
1447
1456
1457
1478
1427
1126
1133
1393
1467
1471
1479
1460
1444
1463
1441
1456
1431
1446
1428
1423
1423
1456
1426
1462
1469
1447
1459
1208
1433
1418
1429
1440
1448
1458
1459
1463
1461
1460
1441
1448
1435
1452
1371
1425
1468
1467
1418
1448
1450
1468
1475
1469
1467
1470
1471
1460
1462
1469
1470
1471
1469
1466
1459
1464
1466
1459
1463
1479
1432
1133
1157
1392
1462
1472
1482
1472
1457
1443
1441
1458
1429
1444
1418
1412
1407
1436
1423
1458
1464
1444
1456
1212
1421
1390
1431
1444
1456
1456
1452
1446
1467
1464
1449
1458
1445
1452
1403
1443
1468
1468
1413
1467
1454
1467
1477
1476
1467
1474
1473
1469
1473
1471
1449
1475
1468
1473
1465
1465
1472
1466
1452
1471
1460
1176
1252
1415
1478
1484
1492
1470
1454
1439
1455
1458
1437
1436
1420
1397
1393
1423
1418
1447
1459
1445
1448
1213
1417
1378
1437
1449
1456
1465
1465
1423
1452
1465
1444
1462
1438
1454
1409
1442
1472
1463
1415
1471
1457
1466
1473
1473
1475
1478
1480
1474
1480
1468
1388
1477
1477
1473
1475
1482
1488
1489
1477
1474
1481
1348
1257
1436
1483
1489
1498
1470
1449
1451
1453
1466
1439
1436
1426
1403
1373
1421
1420
1445
1458
1449
1431
1184
1383
1376
1435
1450
1457
1445
1447
1387
1443
1441
1433
1441
1421
1453
1391
1427
1453
1421
1400
1466
1464
1459
1473
1474
1478
1476
1466
1474
1480
1463
1415
1491
1481
1458
1484
1481
1484
1471
1481
1482
1445
1379
1250
1449
1482
1487
1489
1475
1449
1449
1463
1470
1454
1440
1437
1410
1382
1416
1406
1457
1455
1453
1414
1129
1277
1389
1370
1371
1390
1385
1363
1379
1380
1379
1355
1372
1404
1401
1369
1383
1375
1375
1380
1390
1429
1419
1402
1407
1404
1409
1409
1412
1401
1423
1421
1454
1446
1418
1438
1426
1428
1402
1443
1436
1435
1366
1235
1448
1482
1490
1493
1468
1455
1443
1457
1467
1461
1436
1446
1427
1381
1420
1406
1448
1454
1462
1413
1157
1300
1371
1370
1374
1369
1393
1398
1399
1415
1405
1391
1397
1377
1372
1412
1466
1418
1426
1450
1445
1408
1392
1395
1383
1383
1397
1396
1410
1379
1388
1416
1393
1391
1400
1394
1399
1397
1386
1394
1383
1364
1309
1308
1442
1489
1491
1491
1458
1452
1454
1465
1471
1460
1442
1457
1423
1386
1448
1408
1432
1452
1467
1434
1160
1407
1423
1412
1422
1454
1465
1464
1458
1465
1459
1455
1455
1458
1454
1455
1429
1388
1395
1441
1442
1418
1451
1459
1458
1460
1450
1461
1477
1480
1473
1472
1473
1474
1482
1480
1478
1486
1477
1473
1466
1457
1395
1371
1467
1480
1492
1494
1462
1471
1479
1469
1479
1474
1441
1455
1424
1394
1487
1429
1433
1466
1463
1440
1217
1454
1458
1458
1459
1463
1466
1457
1459
1464
1466
1464
1465
1456
1456
1446
1441
1444
1444
1459
1456
1455
1457
1466
1461
1457
1451
1459
1461
1474
1475
1478
1478
1477
1480
1480
1477
1483
1482
1479
1474
1477
1412
1351
1475
1487
1482
1483
1449
1476
1472
1481
1486
1480
1445
1462
1432
1417
1480
1436
1439
1457
1452
1440
1217
1458
1460
1461
1458
1458
1460
1460
1456
1454
1455
1449
1437
1432
1432
1426
1423
1427
1429
1434
1435
1440
1442
1439
1436
1435
1443
1444
1447
1457
1456
1460
1455
1459
1461
1462
1469
1471
1468
1454
1450
1440
1395
1276
1475
1494
1497
1484
1453
1488
1477
1491
1490
1483
1443
1471
1436
1427
1478
1431
1428
1458
1438
1430
1208
1445
1447
1455
1456
1443
1443
1432
1433
1443
1441
1433
1434
1435
1428
1423
1425
1422
1433
1428
1427
1428
1437
1432
1421
1434
1435
1432
1439
1447
1451
1453
1452
1453
1461
1461
1464
1473
1469
1452
1462
1432
1389
1264
1484
1496
1477
1420
1463
1482
1472
1483
1478
1480
1446
1464
1450
1422
1439
1389
1392
1433
1420
1414
1209
1448
1452
1451
1446
1438
1438
1436
1436
1436
1440
1441
1436
1430
1428
1428
1420
1419
1419
1418
1432
1432
1427
1431
1435
1434
1436
1429
1418
1417
1420
1421
1414
1415
1423
1414
1421
1442
1440
1441
1449
1434
1364
1331
1480
1491
1478
1430
1466
1477
1466
1466
1463
1474
1439
1471
1432
1410
1327
1271
1269
1316
1310
1331
1209
1443
1447
1445
1438
1433
1438
1439
1442
1440
1447
1438
1431
1425
1417
1415
1411
1403
1412
1422
1416
1397
1395
1383
1384
1390
1397
1395
1393
1400
1398
1397
1399
1403
1411
1411
1417
1428
1430
1436
1453
1439
1359
1368
1476
1480
1470
1437
1458
1472
1463
1471
1471
1477
1443
1469
1427
1423
1328
1372
1362
1290
1219
1263
1205
1439
1445
1438
1434
1425
1425
1426
1423
1427
1424
1418
1413
1399
1392
1385
1357
1354
1354
1371
1384
1375
1373
1362
1356
1367
1390
1394
1394
1398
1400
1396
1407
1412
1410
1422
1430
1436
1431
1422
1439
1437
1396
1352
1474
1467
1471
1324
1403
1458
1460
1473
1478
1481
1433
1454
1423
1432
1427
1400
1320
1360
1353
1346
1199
1428
1422
1420
1427
1417
1411
1408
1402
1412
1410
1401
1399
1400
1375
1289
1269
1235
1243
1261
1322
1359
1341
1342
1343
1344
1379
1379
1383
1387
1403
1404
1405
1410
1409
1416
1438
1453
1452
1460
1465
1459
1408
1360
1461
1466
1474
1422
1425
1445
1446
1461
1457
1458
1419
1438
1406
1416
1442
1409
1397
1395
1286
1360
1200
1425
1439
1442
1435
1425
1419
1424
1420
1418
1429
1421
1422
1414
1353
1328
1312
1312
1303
1309
1290
1339
1280
1260
1277
1270
1292
1320
1338
1351
1368
1370
1379
1381
1390
1401
1421
1421
1434
1428
1431
1430
1385
1307
1455
1470
1472
1464
1439
1433
1445
1450
1459
1438
1411
1419
1393
1391
1453
1418
1427
1419
1392
1373
1203
1421
1434
1436
1434
1423
1414
1418
1412
1416
1423
1419
1422
1402
1337
1349
1336
1367
1355
1338
1283
1312
1339
1312
1298
1268
1314
1372
1302
1282
1312
1330
1349
1364
1372
1380
1389
1410
1427
1415
1409
1413
1381
1268
1464
1471
1480
1465
1447
1421
1425
1449
1448
1428
1398
1410
1401
1398
1475
1454
1439
1446
1383
1377
1210
1434
1433
1425
1418
1417
1409
1405
1393
1419
1421
1425
1413
1405
1324
1305
1362
1321
1332
1349
1277
1304
1344
1313
1280
1313
1280
1328
1311
1289
1263
1283
1286
1323
1345
1342
1349
1385
1414
1438
1448
1434
1385
1305
1465
1480
1464
1460
1451
1434
1423
1452
1432
1406
1395
1410
1379
1372
1473
1451
1448
1451
1423
1385
1204
1438
1443
1443
1434
1432
1436
1427
1412
1407
1451
1440
1415
1401
1336
1278
1335
1297
1312
1356
1302
1305
1343
1321
1390
1321
1286
1316
1295
1265
1239
1238
1225
1256
1301
1313
1323
1351
1372
1380
1400
1404
1342
1424
1461
1470
1445
1460
1434
1424
1437
1457
1414
1407
1392
1412
1385
1358
1470
1450
1451
1447
1427
1409
1206
1431
1427
1418
1403
1399
1404
1410
1398
1403
1397
1380
1362
1343
1302
1390
1337
1299
1327
1369
1316
1271
1325
1342
1443
1268
1277
1301
1270
1243
1205
1213
1229
1245
1286
1309
1343
1366
1402
1419
1440
1447
1382
1447
1451
1452
1427
1470
1441
1419
1431
1454
1415
1395
1396
1416
1395
1361
1477
1444
1444
1439
1458
1433
1180
1379
1383
1385
1376
1366
1363
1411
1407
1360
1356
1409
1357
1308
1289
1344
1329
1284
1316
1356
1303
1271
1330
1339
1436
1255
1253
1293
1263
1230
1178
1181
1162
1166
1186
1211
1289
1350
1389
1412
1433
1447
1380
1463
1463
1427
1425
1473
1432
1426
1435
1428
1404
1391
1386
1405
1409
1361
1470
1446
1440
1422
1446
1448
1151
1299
1302
1325
1334
1329
1319
1328
1340
1334
1319
1323
1320
1288
1283
1347
1274
1242
1315
1345
1280
1264
1351
1355
1395
1256
1214
1307
1272
1193
1118
1103
1100
1099
1104
1133
1213
1301
1378
1383
1373
1398
1364
1450
1481
1343
1257
1451
1428
1423
1428
1417
1414
1397
1377
1387
1393
1374
1474
1446
1439
1438
1453
1448
1178
1350
1352
1370
1393
1388
1378
1380
1381
1374
1381
1349
1315
1305
1297
1377
1288
1192
1307
1345
1316
1322
1346
1324
1402
1336
1242
1317
1217
1104
1091
1098
1104
1098
1089
1096
1117
1248
1401
1376
1379
1408
1352
1444
1475
1236
1151
1465
1443
1419
1407
1412
1410
1407
1375
1395
1391
1380
1464
1436
1437
1440
1448
1440
1214
1448
1442
1441
1435
1426
1402
1424
1431
1422
1387
1384
1335
1304
1309
1376
1327
1195
1338
1348
1307
1297
1363
1382
1378
1346
1339
1313
1149
1077
1086
1097
1099
1102
1108
1088
1089
1152
1298
1334
1364
1377
1349
1436
1465
1261
1163
1460
1442
1402
1404
1416
1406
1410
1383
1405
1418
1371
1459
1420
1434
1445
1436
1426
1209
1440
1439
1437
1427
1423
1419
1410
1419
1419
1396
1378
1354
1312
1320
1374
1382
1361
1333
1329
1351
1353
1347
1333
1337
1350
1347
1291
1091
1082
1083
1083
1098
1103
1110
1101
1083
1100
1298
1353
1347
1381
1376
1408
1463
1281
1184
1451
1429
1415
1406
1412
1404
1425
1388
1419
1423
1356
1457
1401
1402
1437
1407
1400
1211
1452
1461
1459
1454
1447
1438
1428
1415
1421
1419
1401
1373
1338
1347
1388
1380
1367
1338
1343
1333
1373
1364
1344
1358
1345
1369
1300
1075
1084
1082
1077
1104
1087
1089
1107
1084
1086
1312
1395
1357
1401
1382
1399
1464
1371
1290
1441
1441
1413
1396
1406
1395
1406
1394
1423
1411
1354
1436
1377
1388
1429
1377
1388
1210
1440
1443
1452
1449
1440
1424
1419
1415
1416
1408
1393
1368
1319
1319
1366
1376
1366
1341
1400
1300
1389
1398
1370
1365
1321
1339
1313
1063
1078
1052
1066
1083
1086
1087
1092
1070
1091
1309
1366
1370
1417
1376
1384
1455
1410
1348
1424
1419
1389
1373
1400
1374
1381
1379
1394
1377
1264
1293
1275
1325
1351
1322
1328
1210
1440
1445
1444
1447
1451
1450
1448
1450
1421
1406
1369
1329
1294
1320
1369
1388
1393
1352
1417
1275
1323
1279
1249
1272
1264
1225
1244
1088
1063
1055
1046
1049
1060
1073
1077
1070
1142
1318
1324
1320
1363
1321
1333
1413
1385
1366
1372
1349
1318
1308
1331
1306
1318
1300
1321
1321
1199
1304
1292
1284
1313
1321
1331
1212
1436
1430
1418
1416
1418
1419
1418
1395
1373
1358
1341
1325
1256
1293
1362
1352
1372
1386
1414
1238
1267
1275
1286
1295
1296
1286
1298
1244
1050
1051
1053
1054
1069
1074
1073
1088
1248
1267
1269
1265
1290
1284
1283
1296
1276
1273
1262
1244
1230
1214
1213
1213
1220
1226
1240
1305
1175
1258
1213
1288
1289
1281
1336
1212
1426
1439
1441
1446
1450
1442
1422
1377
1351
1290
1326
1318
1283
1330
1379
1347
1355
1404
1390
1198
1223
1236
1244
1270
1280
1288
1273
1252
1179
1065
1030
1038
1047
1061
1090
1218
1293
1273
1269
1276
1275
1274
1268
1270
1278
1279
1275
1253
1256
1246
1226
1228
1240
1260
1205
1345
1163
1189
1164
1207
1218
1222
1280
1199
1399
1389
1398
1411
1399
1385
1355
1344
1319
1322
1337
1260
1199
1173
1313
1364
1392
1331
1140
1126
1134
1138
1151
1168
1175
1179
1174
1151
1143
1137
1101
1086
1098
1130
1177
1192
1194
1189
1184
1185
1187
1190
1187
1185
1184
1183
1182
1176
1164
1166
1164
1159
1164
1170
1160
1189
1130
1169
1173
1179
1178
1168
1209
1212
1422
1408
1395
1411
1410
1409
1407
1364
1349
1392
1341
1323
1170
1160
1229
1263
1274
1253
1241
1212
1245
1191
1159
1150
1157
1160
1207
1212
1185
1189
1178
1200
1163
1176
1188
1191
1198
1200
1198
1202
1201
1181
1195
1197
1200
1203
1203
1201
1219
1229
1295
1290
1307
1306
1314
1197
1177
1219
1300
1301
1305
1306
1294
1209
1420
1417
1423
1413
1414
1408
1413
1402
1387
1419
1392
1356
1292
1311
1328
1319
1302
1303
1263
1269
1271
1279
1279
1280
1284
1267
1331
1348
1349
1364
1349
1355
1318
1299
1316
1315
1324
1335
1327
1326
1324
1241
1232
1293
1346
1334
1319
1314
1324
1242
1336
1361
1410
1408
1398
1387
1285
1256
1418
1423
1431
1437
1459
1177
1354
1350
1306
1301
1327
1295
1326
1326
1322
1424
1426
1375
1359
1382
1365
1354
1361
1351
1292
1279
1333
1318
1322
1318
1378
1342
1390
1396
1402
1402
1378
1390
1374
1349
1388
1411
1408
1447
1435
1435
1432
1305
1281
1390
1394
1373
1389
1396
1416
1288
1361
1362
1359
1359
1381
1394
1289
1290
1443
1403
1410
1417
1447
1197
1406
1399
1346
1334
1348
1326
1415
1368
1379
1404
1416
1419
1381
1358
1357
1389
1408
1414
1411
1397
1408
1398
1387
1392
1392
1384
1399
1414
1414
1396
1408
1396
1413
1420
1418
1416
1412
1418
1426
1415
1290
1359
1400
1414
1419
1414
1424
1433
1435
1392
1378
1379
1372
1401
1408
1409
1209
1339
1379
1392
1380
1356
1345
1210
1434
1431
1410
1424
1430
1410
1433
1383
1419
1408
1397
1424
1419
1399
1413
1418
1412
1419
1415
1419
1423
1415
1422
1411
1406
1410
1423
1424
1434
1433
1438
1422
1383
1426
1440
1433
1424
1427
1434
1433
1424
1420
1411
1427
1437
1440
1436
1433
1436
1438
1431
1398
1424
1380
1352
1397
1239
1314
1343
1390
1370
1306
1289
1199
1408
1417
1418
1423
1425
1415
1428
1409
1411
1402
1391
1411
1397
1407
1421
1428
1424
1419
1415
1412
1411
1427
1428
1418
1418
1425
1426
1435
1413
1423
1426
1423
1397
1413
1423
1411
1417
1422
1437
1440
1444
1441
1436
1439
1442
1443
1433
1426
1434
1430
1403
1422
1422
1384
1399
1425
1283
1363
1346
1369
1347
1309
1295
1197
1416
1418
1413
1409
1414
1396
1393
1402
1420
1409
1398
1389
1391
1396
1406
1387
1400
1422
1430
1409
1403
1403
1401
1390
1396
1376
1401
1410
1407
1394
1404
1395
1383
1375
1364
1386
1392
1410
1401
1392
1396
1351
1368
1417
1416
1406
1378
1372
1367
1390
1435
1370
1365
1362
1360
1388
1335
1347
1327
1310
1290
1256
1219
1201
1407
1408
1403
1392
1412
1393
1403
1383
1431
1426
1396
1400
1402
1420
1424
1373
1368
1411
1402
1389
1395
1397
1382
1367
1374
1369
1370
1349
1355
1362
1397
1408
1401
1388
1402
1408
1388
1420
1414
1406
1390
1270
1364
1427
1429
1425
1410
1377
1361
1413
1445
1393
1379
1377
1350
1403
1345
1343
1295
1258
1236
1218
1175
1187
1377
1373
1370
1356
1369
1388
1385
1400
1388
1379
1383
1379
1369
1370
1383
1386
1388
1409
1374
1364
1378
1371
1373
1354
1362
1359
1334
1356
1380
1388
1411
1429
1427
1437
1416
1372
1369
1397
1409
1427
1386
1222
1374
1431
1433
1424
1419
1416
1390
1430
1463
1380
1387
1406
1375
1407
1365
1341
1294
1251
1226
1210
1171
1168
1322
1311
1315
1301
1322
1323
1328
1318
1301
1285
1268
1275
1279
1267
1278
1293
1298
1312
1309
1280
1278
1275
1263
1267
1269
1235
1228
1242
1287
1299
1304
1326
1317
1309
1299
1288
1243
1260
1262
1270
1184
1137
1376
1447
1458
1440
1406
1447
1403
1412
1475
1413
1387
1380
1348
1400
1347
1332
1291
1236
1191
1154
1151
1216
1451
1452
1451
1421
1450
1426
1447
1453
1436
1410
1435
1408
1423
1414
1397
1429
1418
1427
1420
1391
1415
1404
1397
1409
1422
1392
1387
1384
1388
1385
1376
1373
1370
1322
1309
1315
1290
1320
1335
1307
1263
1120
1384
1433
1454
1433
1414
1441
1408
1411
1463
1429
1374
1382
1330
1391
1327
1336
1272
1203
1172
1153
1213
1215
1451
1438
1444
1420
1455
1434
1453
1452
1444
1408
1459
1442
1453
1432
1409
1417
1410
1435
1436
1395
1441
1412
1414
1437
1458
1437
1440
1426
1450
1440
1412
1446
1395
1360
1391
1393
1344
1375
1416
1412
1295
1119
1397
1461
1460
1445
1416
1459
1420
1403
1422
1407
1378
1387
1361
1371
1308
1305
1167
1149
1162
1167
1353
1216
1453
1439
1441
1421
1451
1447
1454
1452
1432
1419
1460
1436
1446
1412
1396
1408
1397
1442
1444
1407
1440
1425
1441
1434
1454
1431
1452
1460
1453
1441
1441
1459
1406
1409
1392
1399
1400
1459
1455
1412
1212
1119
1416
1462
1462
1435
1423
1471
1374
1403
1421
1402
1375
1378
1354
1345
1288
1282
1238
1183
1151
1285
1407
1209
1432
1429
1424
1426
1436
1432
1437
1441
1426
1428
1448
1433
1427
1425
1402
1427
1406
1446
1442
1403
1440
1424
1444
1437
1448
1429
1459
1463
1458
1458
1447
1440
1447
1458
1465
1394
1427
1457
1453
1376
1215
1125
1428
1468
1470
1436
1426
1469
1400
1410
1401
1405
1374
1382
1327
1337
1278
1257
1225
1147
1192
1416
1419
1205
1422
1427
1427
1416
1422
1437
1437
1434
1419
1434
1451
1442
1437
1435
1407
1408
1393
1440
1441
1404
1439
1423
1445
1434
1437
1415
1442
1457
1463
1461
1463
1458
1458
1459
1459
1406
1457
1463
1449
1388
1197
1122
1421
1457
1457
1420
1424
1445
1352
1407
1384
1395
1358
1356
1316
1315
1243
1233
1200
1157
1355
1411
1426
1208
1426
1429
1428
1415
1419
1427
1432
1431
1409
1437
1450
1449
1438
1425
1405
1393
1397
1445
1437
1409
1435
1429
1446
1446
1448
1423
1448
1445
1442
1447
1459
1463
1456
1461
1467
1471
1469
1463
1449
1410
1237
1121
1420
1454
1449
1420
1412
1426
1383
1409
1385
1392
1355
1342
1311
1292
1219
1211
1173
1267
1429
1424
1425
1208
1432
1421
1426
1427
1422
1415
1431
1431
1413
1425
1448
1445
1426
1436
1410
1415
1403
1418
1427
1414
1430
1426
1449
1447
1448
1434
1446
1450
1445
1459
1457
1469
1465
1468
1468
1478
1474
1473
1456
1394
1235
1127
1425
1453
1449
1417
1413
1405
1373
1407
1381
1379
1345
1316
1284
1266
1193
1182
1190
1404
1446
1425
1426
1211
1434
1423
1428
1434
1424
1424
1428
1429
1430
1432
1451
1448
1428
1437
1411
1413
1412
1408
1418
1402
1420
1420
1454
1452
1458
1441
1445
1447
1447
1463
1456
1466
1461
1458
1463
1475
1471
1474
1454
1391
1290
1136
1428
1456
1452
1413
1415
1397
1376
1398
1367
1371
1330
1308
1266
1229
1164
1163
1311
1441
1432
1454
1458
1211
1429
1421
1425
1432
1428
1434
1431
1424
1418
1422
1439
1436
1429
1433
1415
1407
1408
1402
1402
1419
1418
1433
1455
1450
1454
1436
1445
1451
1457
1453
1447
1439
1458
1451
1457
1449
1446
1463
1454
1390
1302
1134
1428
1451
1448
1406
1416
1381
1382
1398
1360
1350
1314
1290
1243
1203
1144
1215
1406
1440
1427
1462
1457
1211
1427
1421
1428
1433
1430
1423
1427
1416
1418
1420
1431
1425
1427
1428
1415
1409
1405
1392
1365
1399
1414
1419
1453
1444
1445
1426
1448
1450
1464
1473
1459
1455
1452
1450
1455
1443
1440
1445
1442
1403
1297
1140
1433
1451
1449
1397
1417
1382
1381
1390
1352
1331
1301
1264
1230
1180
1152
1352
1419
1444
1450
1462
1454
1208
1430
1423
1428
1418
1419
1428
1413
1414
1413
1415
1433
1429
1426
1422
1414
1408
1418
1413
1386
1381
1389
1413
1447
1438
1436
1406
1447
1440
1461
1468
1449
1444
1438
1438
1427
1438
1439
1447
1441
1408
1264
1158
1434
1452
1449
1399
1407
1380
1389
1391
1334
1312
1277
1237
1200
1156
1270
1407
1430
1448
1458
1464
1455
1207
1432
1424
1425
1426
1429
1432
1415
1415
1414
1412
1431
1421
1421
1415
1406
1399
1397
1404
1386
1362
1376
1396
1432
1437
1416
1416
1435
1412
1435
1456
1444
1432
1420
1413
1430
1438
1442
1443
1439
1411
1307
1191
1436
1449
1445
1402
1413
1367
1377
1369
1312
1301
1262
1214
1168
1208
1387
1428
1437
1456
1464
1459
1462
1205
1430
1422
1426
1425
1428
1425
1401
1424
1406
1405
1426
1425
1431
1408
1406
1400
1392
1387
1379
1372
1374
1389
1426
1432
1427
1421
1424
1434
1443
1437
1442
1446
1438
1433
1426
1437
1441
1449
1426
1385
1319
1201
1441
1452
1444
1410
1415
1344
1352
1345
1299
1278
1232
1184
1168
1352
1426
1436
1445
1444
1458
1456
1447
1142
1283
1281
1281
1284
1284
1287
1286
1288
1275
1270
1284
1285
1286
1271
1266
1267
1267
1260
1252
1260
1250
1268
1287
1284
1280
1286
1273
1286
1298
1296
1286
1291
1291
1287
1267
1284
1290
1295
1278
1242
1198
1127
1292
1298
1297
1279
1272
1219
1223
1221
1191
1171
1142
1115
1168
1280
1292
1297
1293
1299
1295
1299
1293
